LABS, 2, 2, 1.4074778218106208
LABS, 2, 3, 1.5757364242321503
LABS, 2, 4, 1.7557515273620232
LABS, 2, 5, 1.9697652664114578
LABS, 2, 6, 1.9678869204004765
LABS, 2, 7, 1.9145432226178554
LABS, 2, 8, 2.0158320375685386
LABS, 2, 9, 1.8681642042607371
LABS, 2, 10, 1.965378013056732
LABS, 2, 11, 2.0652867730421063
LABS, 2, 12, 2.2866211808458994
LABS, 2, 13, 2.105125023855856
LABS, 2, 14, 2.2448297212256803
LABS, 2, 15, 2.25246733613847
LABS, 2, 16, 2.2264266886115758
LABS, 2, 17, 2.107781941304291
LABS, 2, 18, 2.167406184174384
LABS, 2, 19, 2.335967309974575
LABS, 2, 20, 2.4130167498866806
LABS, 2, 21, 2.3405694987965964
LABS, 2, 22, 2.3196050744414864
LABS, 2, 23, 2.2896187657807854
LABS, 2, 24, 2.2967122407706375
LABS, 2, 25, 2.3061447411663862
LABS, 2, 26, 2.2553868863998257
LABS, 2, 27, 2.430306945435844
LABS, 2, 28, 2.4338584236515635
LABS, 2, 29, 2.35509133483364
LABS, 2, 30, 2.2518955999504358
LABS, 2, 31, 2.3411037461299005
LABS, 2, 32, 2.477623587918847
LABS, 2, 33, 2.235388846101086
LABS, 2, 34, 2.3433008667240802
LABS, 2, 35, 2.505093605526935
LABS, 2, 36, 2.4880006246858306
LABS, 2, 37, 2.239744966076702
LABS, 2, 38, 2.2303147604393514
LABS, 2, 39, 2.4297916314051218
LABS, 2, 40, 2.3895467169338183
LABS, 2, 41, 2.3587595128069965
LABS, 2, 42, 2.505737740249855
LABS, 2, 43, 2.4356487887944884
LABS, 2, 44, 2.5231639454488213
LABS, 2, 45, 2.357173205151125
LABS, 2, 46, 2.4238438635409496
LABS, 2, 47, 2.454615060188764
LABS, 2, 48, 2.448752901803741
LABS, 2, 49, 2.499413466548554
LABS, 2, 50, 2.5569514681768095
LABS, 2, 51, 2.593377813261508
LABS, 2, 52, 2.3592826962304594
LABS, 2, 53, 2.5153206487507855
LABS, 2, 54, 2.385450981241096
LABS, 2, 55, 2.535039562789046
LABS, 2, 56, 2.5301880847192835
LABS, 2, 57, 2.3381339704652837
LABS, 2, 58, 2.3993861645031176
LABS, 2, 59, 2.4693529007139614
LABS, 2, 60, 2.5594745449106937
LABS, 2, 61, 2.554369253659304
LABS, 2, 62, 2.5401043109189962
LABS, 2, 63, 2.4361138368575217
LABS, 2, 64, 2.3448629619575065
LABS, 2, 65, 2.463823892045813
LABS, 2, 66, 2.6347824591612996
LABS, 2, 67, 2.454262885818729
LABS, 2, 68, 2.3581533692067778
LABS, 2, 69, 2.5915185466019457
LABS, 2, 70, 2.565561858851896
LABS, 2, 71, 2.498494954125194
LABS, 2, 72, 2.659057198392195
LABS, 2, 73, 2.5125880652323738
LABS, 2, 74, 2.5926813324397466
LABS, 2, 75, 2.4725531095509456
LABS, 2, 76, 2.5332423987062747
LABS, 2, 77, 2.5899907741629304
LABS, 2, 78, 2.4183445848165994
LABS, 2, 79, 2.5049511585527213
LABS, 2, 80, 2.6346561923034812
LABS, 2, 81, 2.5710583051755274
LABS, 2, 82, 2.52414457039134
LABS, 2, 83, 2.501458292143849
LABS, 2, 84, 2.446337425710504
LABS, 2, 85, 2.519045863618832
LABS, 2, 86, 2.5100158831081307
LABS, 2, 87, 2.5518007171910186
LABS, 2, 88, 2.657637076629116
LABS, 2, 89, 2.546483881587732
LABS, 2, 90, 2.480189539603017
LABS, 2, 91, 2.633697875335862
LABS, 2, 92, 2.6824135779170235
LABS, 2, 93, 2.561675743183297
LABS, 2, 94, 2.6469677414087647
LABS, 2, 95, 2.4966803696162643
LABS, 2, 96, 2.73186064102428
LABS, 2, 97, 2.49456146159171
LABS, 2, 98, 2.6022319347494816
LABS, 2, 99, 2.694469734813464
LABS, 2, 100, 2.636142721632426
LABS, 2, 101, 2.6617889982057874
LABS, 2, 102, 2.563835290300136
LABS, 2, 103, 2.6834229318393255
LABS, 2, 104, 2.5294931308791186
LABS, 2, 105, 2.4725746135520374
LABS, 2, 106, 2.5593857218496625
LABS, 2, 107, 2.528009605669529
LABS, 2, 108, 2.5744345801447213
LABS, 2, 109, 2.637443473463563
LABS, 2, 110, 2.688219570184338
LABS, 2, 111, 2.615218754951743
LABS, 2, 112, 2.422337258919344
LABS, 2, 113, 2.6983330334576037
LABS, 2, 114, 2.6115086919282122
LABS, 2, 115, 2.661034761683949
LABS, 2, 116, 2.646016367783183
LABS, 2, 117, 2.6583141210586825
LABS, 2, 118, 2.707943235171428
LABS, 2, 119, 2.739868196484247
LABS, 2, 120, 2.5727280747965806
LABS, 2, 121, 2.7500578136952663
LABS, 2, 122, 2.6350748423964454
LABS, 2, 123, 2.566540857435815
LABS, 2, 124, 2.6549830161657857
LABS, 2, 125, 2.578361201877062
LABS, 2, 126, 2.79859064808497
LABS, 2, 127, 2.6442714222410726
LABS, 2, 128, 2.731931387879505
LABS, 2, 129, 2.6689461117769917
LABS, 3, 3, 1.7016128515147837
LABS, 3, 4, 1.838120457788662
LABS, 3, 5, 1.9426648972848048
LABS, 3, 6, 1.9923638666679928
LABS, 3, 7, 2.150546471387738
LABS, 3, 8, 2.215790541493187
LABS, 3, 9, 2.113177171678241
LABS, 3, 10, 2.3259221509897556
LABS, 3, 11, 2.2893267530631123
LABS, 3, 12, 2.1648108856337247
LABS, 3, 13, 2.327794671768925
LABS, 3, 14, 2.339618341709701
LABS, 3, 15, 2.4742845835875906
LABS, 3, 16, 2.4372313128872802
LABS, 3, 17, 2.4686618286995605
LABS, 3, 18, 2.355431011253745
LABS, 3, 19, 2.412256875548734
LABS, 3, 20, 2.472799531299213
LABS, 3, 21, 2.53710756786449
LABS, 3, 22, 2.481893815186092
LABS, 3, 23, 2.5464412238459566
LABS, 3, 24, 2.472030194266059
LABS, 3, 25, 2.570516653608059
LABS, 3, 26, 2.555970901298788
LABS, 3, 27, 2.51157320594838
LABS, 3, 28, 2.492683596579842
LABS, 3, 29, 2.610324286674944
LABS, 3, 30, 2.628431939366366
LABS, 3, 31, 2.3972676991444595
LABS, 3, 32, 2.540388493955598
LABS, 3, 33, 2.675114376503816
LABS, 3, 34, 2.6513690420632647
LABS, 3, 35, 2.513412015940699
LABS, 3, 36, 2.654463271712027
LABS, 3, 37, 2.6060072980514652
LABS, 3, 38, 2.612245132186417
LABS, 3, 39, 2.467771903910549
LABS, 3, 40, 2.6106943574411257
LABS, 3, 41, 2.592912915305823
LABS, 3, 42, 2.6531338316086854
LABS, 3, 43, 2.6400821335934346
LABS, 3, 44, 2.6609325562606667
LABS, 3, 45, 2.681855808866319
LABS, 3, 46, 2.7006434288872874
LABS, 3, 47, 2.660412363751406
LABS, 3, 48, 2.7262706546144813
LABS, 3, 49, 2.7233850855312443
LABS, 3, 50, 2.55314227772762
LABS, 3, 51, 2.5876300783704997
LABS, 3, 52, 2.7498570163206524
LABS, 3, 53, 2.6222259674446446
LABS, 3, 54, 2.7383299468994045
LABS, 3, 55, 2.6992600175521337
LABS, 3, 56, 2.883919673771989
LABS, 3, 57, 2.671428131631972
LABS, 3, 58, 2.7632458656174226
LABS, 3, 59, 2.7996612597512347
LABS, 3, 60, 2.5934831209629308
LABS, 3, 61, 2.679324784339342
LABS, 3, 62, 2.607997752590775
LABS, 3, 63, 2.7485688062760807
LABS, 3, 64, 2.854810089470532
LABS, 3, 65, 2.7607036524762605
LABS, 3, 66, 2.829436559035517
LABS, 3, 67, 2.6255010686770213
LABS, 3, 68, 2.9017706839284676
LABS, 3, 69, 2.7852801857743303
LABS, 3, 70, 2.723720340543051
LABS, 3, 71, 2.7299819173778395
LABS, 3, 72, 2.65677533728011
LABS, 3, 73, 2.7608666201884513
LABS, 3, 74, 2.74258921322021
LABS, 3, 75, 2.7087275543439073
LABS, 3, 76, 2.819001159081964
LABS, 3, 77, 2.7438392987137394
LABS, 3, 78, 2.665036662355978
LABS, 3, 79, 2.928835505615248
LABS, 3, 80, 2.903290248640988
LABS, 3, 81, 2.82663771951495
LABS, 3, 82, 2.867805727216453
LABS, 3, 83, 2.8942917927294842
LABS, 3, 84, 2.7912960320496465
LABS, 3, 85, 2.760494960642645
LABS, 3, 86, 2.7674210402805524
LABS, 3, 87, 2.8566439552365948
LABS, 3, 88, 2.903421085631508
LABS, 3, 89, 2.845370205382511
LABS, 3, 90, 2.735567991094979
LABS, 3, 91, 2.8494815278950734
LABS, 3, 92, 2.729957498749081
LABS, 3, 93, 2.743090954947655
LABS, 3, 94, 2.9372471966293463
LABS, 3, 95, 2.929201138744687
LABS, 3, 96, 2.878422138856338
LABS, 3, 97, 2.9219086927039175
LABS, 3, 98, 2.8927134987048047
LABS, 3, 99, 2.8103434848650553
LABS, 3, 100, 2.754414016355576
LABS, 3, 101, 2.663535527124031
LABS, 3, 102, 2.7809085056334872
LABS, 3, 103, 2.8200205071011397
LABS, 3, 104, 2.7092513902897273
LABS, 3, 105, 2.754416098370685
LABS, 3, 106, 2.8551846660416444
LABS, 3, 107, 2.8613248588500833
LABS, 3, 108, 2.7972484279549596
LABS, 3, 109, 2.8810326060186697
LABS, 3, 110, 3.0395707907762537
LABS, 3, 111, 2.8728847198965335
LABS, 3, 112, 2.970068570776544
LABS, 3, 113, 2.9230240259812854
LABS, 3, 114, 2.8903598492809595
LABS, 3, 115, 2.8859318556928897
LABS, 3, 116, 2.7582781855872405
LABS, 3, 117, 2.8696086689591502
LABS, 3, 118, 3.0415386801944426
LABS, 3, 119, 2.90539895346251
LABS, 3, 120, 2.847822792882212
LABS, 3, 121, 2.909239474028557
LABS, 3, 122, 2.884554654244394
LABS, 3, 123, 2.8252310262370894
LABS, 3, 124, 2.9191778409724973
LABS, 3, 125, 2.907693579190307
LABS, 3, 126, 3.0739609173458184
LABS, 3, 127, 2.8535721642613816
LABS, 3, 128, 2.859821969342632
LABS, 3, 129, 2.8195756738576234
LABS, 4, 4, 1.8760249983495096
LABS, 4, 5, 2.026691408415786
LABS, 4, 6, 1.9962511638276315
LABS, 4, 7, 2.2412840161279823
LABS, 4, 8, 2.308722813195474
LABS, 4, 9, 2.240170394275797
LABS, 4, 10, 2.2804183793520414
LABS, 4, 11, 2.228168775513208
LABS, 4, 12, 2.5980625540153257
LABS, 4, 13, 2.457693204628168
LABS, 4, 14, 2.4128942548169308
LABS, 4, 15, 2.4452066744789227
LABS, 4, 16, 2.4946809567030046
LABS, 4, 17, 2.4421895123300508
LABS, 4, 18, 2.4774161821761256
LABS, 4, 19, 2.5476198230744607
LABS, 4, 20, 2.4787720200403784
LABS, 4, 21, 2.5125226420859765
LABS, 4, 22, 2.7021739154844213
LABS, 4, 23, 2.7653663971880915
LABS, 4, 24, 2.6622319380746617
LABS, 4, 25, 2.5618309088033757
LABS, 4, 26, 2.6567005003055177
LABS, 4, 27, 2.67100962299318
LABS, 4, 28, 2.7210202511261152
LABS, 4, 29, 2.5471690735205343
LABS, 4, 30, 2.7103771512051007
LABS, 4, 31, 2.6970389928550045
LABS, 4, 32, 2.5941280120575128
LABS, 4, 33, 2.6372834672561014
LABS, 4, 34, 2.680083609711825
LABS, 4, 35, 2.6837919222217437
LABS, 4, 36, 2.7209453859153525
LABS, 4, 37, 2.7560576838934265
LABS, 4, 38, 2.693554835741361
LABS, 4, 39, 2.7853346823534664
LABS, 4, 40, 2.6499429684769815
LABS, 4, 41, 2.710992745922433
LABS, 4, 42, 2.8064919080365747
LABS, 4, 43, 2.768475432667929
LABS, 4, 44, 2.85279085975738
LABS, 4, 45, 2.8856483021246837
LABS, 4, 46, 2.8954099083447575
LABS, 4, 47, 2.691752572234588
LABS, 4, 48, 2.7710739426739783
LABS, 4, 49, 2.8136616668015435
LABS, 4, 50, 2.870187537817344
LABS, 4, 51, 2.8707861320856685
LABS, 4, 52, 2.871094593252746
LABS, 4, 53, 2.8701463196246566
LABS, 4, 54, 2.854571884678455
LABS, 4, 55, 2.7119469132089242
LABS, 4, 56, 2.8483015843369843
LABS, 4, 57, 2.9127177692540727
LABS, 4, 58, 2.8506504206307417
LABS, 4, 59, 2.868786163872806
LABS, 4, 60, 2.831341719682285
LABS, 4, 61, 2.844932304680157
LABS, 4, 62, 2.7813381330086435
LABS, 4, 63, 2.9135456651361378
LABS, 4, 64, 2.7845146026732612
LABS, 4, 65, 2.895473424213973
LABS, 4, 66, 2.8023491425837754
LABS, 4, 67, 2.695836947473319
LABS, 4, 68, 2.8905651013022977
LABS, 4, 69, 2.762415790206131
LABS, 4, 70, 2.961119366686159
LABS, 4, 71, 2.8325583591050414
LABS, 4, 72, 2.880406229022065
LABS, 4, 73, 2.816884046519012
LABS, 4, 74, 2.8513854043095948
LABS, 4, 75, 2.9485303138187424
LABS, 4, 76, 2.851069668331975
LABS, 4, 77, 2.8961602883504005
LABS, 4, 78, 2.8777859436845588
LABS, 4, 79, 2.968937714825999
LABS, 4, 80, 2.858621520571247
LABS, 4, 81, 2.7678273252652836
LABS, 4, 82, 2.8549250469379324
LABS, 4, 83, 2.818921171408041
LABS, 4, 84, 2.6432674964705813
LABS, 4, 85, 2.7590945915590974
LABS, 4, 86, 3.0068580733976775
LABS, 4, 87, 2.897025050192479
LABS, 4, 88, 2.984697590400906
LABS, 4, 89, 2.9670528285496145
LABS, 4, 90, 2.83793326675129
LABS, 4, 91, 2.96986226266373
LABS, 4, 92, 3.0688695001044866
LABS, 4, 93, 2.8506623770434087
LABS, 4, 94, 2.829378838009107
LABS, 4, 95, 2.8528022684289964
LABS, 4, 96, 2.8308394136912334
LABS, 4, 97, 2.8772231339033882
LABS, 4, 98, 2.8878073583950528
LABS, 4, 99, 2.8130843596288306
LABS, 4, 100, 2.977385716854058
LABS, 4, 101, 3.0268230873639794
LABS, 4, 102, 2.9221644301915672
LABS, 4, 103, 2.9844767014990077
LABS, 4, 104, 2.891116400300935
LABS, 4, 105, 2.9912066063665432
LABS, 4, 106, 2.9920113624283156
LABS, 4, 107, 2.999567984257869
LABS, 4, 108, 2.8765755771476362
LABS, 4, 109, 2.929991002550971
LABS, 4, 110, 2.9163295606946287
LABS, 4, 111, 2.8818572680585257
LABS, 4, 112, 2.9252280068007814
LABS, 4, 113, 2.9385085650977483
LABS, 4, 114, 2.9641268949568724
LABS, 4, 115, 2.920602984649121
LABS, 4, 116, 2.942272147129233
LABS, 4, 117, 3.057492046559697
LABS, 4, 118, 2.9646358790174654
LABS, 4, 119, 2.9195863941185896
LABS, 4, 120, 3.12230270166046
LABS, 4, 121, 3.020826619745622
LABS, 4, 122, 3.0476556915813875
LABS, 4, 123, 3.070429507079505
LABS, 4, 124, 2.9886614198133676
LABS, 4, 125, 2.894260229007355
LABS, 4, 126, 3.0289536208852184
LABS, 4, 127, 2.9425325182413595
LABS, 4, 128, 2.9129226723763955
LABS, 4, 129, 2.897318742075327
LABS, 5, 5, 1.7223623547252953
LABS, 5, 6, 2.042214700503213
LABS, 5, 7, 2.1065513625222265
LABS, 5, 8, 2.225464097740688
LABS, 5, 9, 2.2533091618834953
LABS, 5, 10, 2.2999579423839807
LABS, 5, 11, 2.4438626155616645
LABS, 5, 12, 2.4412909125894253
LABS, 5, 13, 2.4497146886698897
LABS, 5, 14, 2.5769081405839662
LABS, 5, 15, 2.479088886457278
LABS, 5, 16, 2.6186315957664874
LABS, 5, 17, 2.6282580901054433
LABS, 5, 18, 2.6306400545693354
LABS, 5, 19, 2.611124736885612
LABS, 5, 20, 2.6952958858294265
LABS, 5, 21, 2.4806334428894656
LABS, 5, 22, 2.692864705301002
LABS, 5, 23, 2.7096790397142008
LABS, 5, 24, 2.631345177656475
LABS, 5, 25, 2.7390814096329192
LABS, 5, 26, 2.6851033056825515
LABS, 5, 27, 2.81013756916802
LABS, 5, 28, 2.670336903136578
LABS, 5, 29, 2.715472803918363
LABS, 5, 30, 2.752012739533675
LABS, 5, 31, 2.7757379182226956
LABS, 5, 32, 2.7779722542000527
LABS, 5, 33, 2.776332472682851
LABS, 5, 34, 2.8676163982457723
LABS, 5, 35, 2.689263909218302
LABS, 5, 36, 2.7232524760293466
LABS, 5, 37, 2.797361853036802
LABS, 5, 38, 2.8155196893417576
LABS, 5, 39, 2.7301372116437586
LABS, 5, 40, 2.9060476123301635
LABS, 5, 41, 2.7678491817041633
LABS, 5, 42, 2.782791019729824
LABS, 5, 43, 2.880138665662849
LABS, 5, 44, 2.8512557848450997
LABS, 5, 45, 2.764510777148792
LABS, 5, 46, 2.884305222817509
LABS, 5, 47, 2.6840140292096377
LABS, 5, 48, 2.8426402581541157
LABS, 5, 49, 2.8493304689558974
LABS, 5, 50, 2.910615199248307
LABS, 5, 51, 2.8759830813321026
LABS, 5, 52, 2.8051726248879274
LABS, 5, 53, 2.759780725826019
LABS, 5, 54, 2.8289911304165294
LABS, 5, 55, 2.9112965954650236
LABS, 5, 56, 2.9084955806425192
LABS, 5, 57, 2.9527459779197116
LABS, 5, 58, 2.8909860490642716
LABS, 5, 59, 2.9374307705858635
LABS, 5, 60, 2.8206888103838885
LABS, 5, 61, 2.8865313160969084
LABS, 5, 62, 2.981233665536213
LABS, 5, 63, 2.769238498615551
LABS, 5, 64, 2.974282492549718
LABS, 5, 65, 2.93266555156231
LABS, 5, 66, 3.06669194363717
LABS, 5, 67, 2.953852612644779
LABS, 5, 68, 3.0076359121952487
LABS, 5, 69, 2.810427964780973
LABS, 5, 70, 2.826507686723844
LABS, 5, 71, 2.9798002520474665
LABS, 5, 72, 2.9240251117223437
LABS, 5, 73, 2.82417765646124
LABS, 5, 74, 2.986139434519731
LABS, 5, 75, 3.014256120102699
LABS, 5, 76, 3.0670723086836795
LABS, 5, 77, 2.877295796374857
LABS, 5, 78, 2.956470172742062
LABS, 5, 79, 2.8666633094967984
LABS, 5, 80, 2.9038836548055773
LABS, 5, 81, 2.831594350739929
LABS, 5, 82, 2.8704439300651736
LABS, 5, 83, 2.8772701699334577
LABS, 5, 84, 3.027163059942453
LABS, 5, 85, 2.916279480420239
LABS, 5, 86, 2.8393496040933557
LABS, 5, 87, 2.9179579908088003
LABS, 5, 88, 2.9005378841288243
LABS, 5, 89, 2.8635720465626586
LABS, 5, 90, 3.087318626865042
LABS, 5, 91, 2.901263340969881
LABS, 5, 92, 2.9865628278040135
LABS, 5, 93, 2.84346967827165
LABS, 5, 94, 2.978679404921199
LABS, 5, 95, 3.053091106448856
LABS, 5, 96, 2.948022769882651
LABS, 5, 97, 2.94546057126717
LABS, 5, 98, 2.9860978822720834
LABS, 5, 99, 3.1141745581230857
LABS, 5, 100, 2.983085186616884
LABS, 5, 101, 3.173935226318804
LABS, 5, 102, 3.199501168428362
LABS, 5, 103, 2.8178558774265454
LABS, 5, 104, 3.125549069876478
LABS, 5, 105, 3.0474254181533755
LABS, 5, 106, 3.0255921504449295
LABS, 5, 107, 3.0273155563745062
LABS, 5, 108, 2.955916799581824
LABS, 5, 109, 2.807879730530768
LABS, 5, 110, 3.04506645682492
LABS, 5, 111, 3.0030268622848624
LABS, 5, 112, 2.9110039769420872
LABS, 5, 113, 2.9007650957863618
LABS, 5, 114, 2.926131946872263
LABS, 5, 115, 3.076991106143027
LABS, 5, 116, 3.1164880272131747
LABS, 5, 117, 2.959149010462275
LABS, 5, 118, 3.1667305547361777
LABS, 5, 119, 3.02576432642727
LABS, 5, 120, 3.0511582674127866
LABS, 5, 121, 3.039494250647974
LABS, 5, 122, 3.001642467827714
LABS, 5, 123, 3.020295288303768
LABS, 5, 124, 3.0800030637566134
LABS, 5, 125, 3.1132953607005014
LABS, 5, 126, 3.2048290973286866
LABS, 5, 127, 3.0085629710003308
LABS, 5, 128, 3.1039625413287544
LABS, 5, 129, 3.031787339413763
LABS, 6, 6, 1.969443022507663
LABS, 6, 7, 2.006251098171129
LABS, 6, 8, 2.067011602975676
LABS, 6, 9, 2.2257509971390834
LABS, 6, 10, 2.2850928240106616
LABS, 6, 11, 2.480020948248319
LABS, 6, 12, 2.4843988892392432
LABS, 6, 13, 2.5007551259146488
LABS, 6, 14, 2.3921708791505125
LABS, 6, 15, 2.4581333034929687
LABS, 6, 16, 2.512357500466337
LABS, 6, 17, 2.6389626146594125
LABS, 6, 18, 2.74619757580447
LABS, 6, 19, 2.5608664353031605
LABS, 6, 20, 2.681897971829886
LABS, 6, 21, 2.5949479827531916
LABS, 6, 22, 2.8036831105416105
LABS, 6, 23, 2.6999343761755483
LABS, 6, 24, 2.7030678956908885
LABS, 6, 25, 2.6691881339545893
LABS, 6, 26, 2.7221625990721976
LABS, 6, 27, 2.669790806671058
LABS, 6, 28, 2.844562802627652
LABS, 6, 29, 2.874258398418736
LABS, 6, 30, 2.648616213507677
LABS, 6, 31, 2.685652434225807
LABS, 6, 32, 2.9014759975513646
LABS, 6, 33, 2.904625926200239
LABS, 6, 34, 2.750460903272091
LABS, 6, 35, 2.8519976834030745
LABS, 6, 36, 2.8057088554199674
LABS, 6, 37, 2.7201866854872114
LABS, 6, 38, 2.745364175263663
LABS, 6, 39, 2.858751835085266
LABS, 6, 40, 2.87442780423329
LABS, 6, 41, 2.809044527464642
LABS, 6, 42, 2.84406744417621
LABS, 6, 43, 2.9964879320404414
LABS, 6, 44, 2.892713867454382
LABS, 6, 45, 2.728879906774305
LABS, 6, 46, 2.9491598565022734
LABS, 6, 47, 2.994211511113348
LABS, 6, 48, 2.7700560383987636
LABS, 6, 49, 2.9417522822174176
LABS, 6, 50, 2.8850398202184886
LABS, 6, 51, 2.9317524679884817
LABS, 6, 52, 2.9555645853561554
LABS, 6, 53, 2.957821033817841
LABS, 6, 54, 2.8398761789008726
LABS, 6, 55, 2.9131904828728654
LABS, 6, 56, 2.801770156103882
LABS, 6, 57, 2.7743110475016524
LABS, 6, 58, 2.9768228550132965
LABS, 6, 59, 2.922195776701664
LABS, 6, 60, 2.931804694845868
LABS, 6, 61, 2.8774710392865535
LABS, 6, 62, 2.927942617338563
LABS, 6, 63, 2.9471148072857996
LABS, 6, 64, 3.042567017782729
LABS, 6, 65, 2.8849628173788466
LABS, 6, 66, 2.8504079574214063
LABS, 6, 67, 3.0067358021858284
LABS, 6, 68, 2.8083811031577506
LABS, 6, 69, 2.9467919607020794
LABS, 6, 70, 3.1000925514120308
LABS, 6, 71, 2.955208941546691
LABS, 6, 72, 2.949209334842002
LABS, 6, 73, 2.9921287414108075
LABS, 6, 74, 2.9254701817630986
LABS, 6, 75, 2.854758495866922
LABS, 6, 76, 3.128770019621771
LABS, 6, 77, 2.961602574740155
LABS, 6, 78, 2.8131434265430464
LABS, 6, 79, 3.028927114019286
LABS, 6, 80, 3.0708238766449227
LABS, 6, 81, 3.0793244722591253
LABS, 6, 82, 3.1779019689921193
LABS, 6, 83, 2.9972365312096256
LABS, 6, 84, 2.9856096452492467
LABS, 6, 85, 2.8882164145646803
LABS, 6, 86, 3.0587924197060157
LABS, 6, 87, 2.97693636441167
LABS, 6, 88, 2.9597596299597777
LABS, 6, 89, 3.121142783338388
LABS, 6, 90, 2.986855898663749
LABS, 6, 91, 2.9203274353290305
LABS, 6, 92, 2.9606572717341377
LABS, 6, 93, 2.979385328912462
LABS, 6, 94, 3.1560184029654366
LABS, 6, 95, 2.9168513388005
LABS, 6, 96, 2.930141857634939
LABS, 6, 97, 2.9183371294381804
LABS, 6, 98, 3.082497698564979
LABS, 6, 99, 2.99427059734382
LABS, 6, 100, 3.1769376478363105
LABS, 6, 101, 3.004844867997756
LABS, 6, 102, 3.145758520411043
LABS, 6, 103, 3.078150241933375
LABS, 6, 104, 3.1409369308669524
LABS, 6, 105, 2.967802605946384
LABS, 6, 106, 3.1256297449604933
LABS, 6, 107, 3.0419382175012286
LABS, 6, 108, 2.9832317994414885
LABS, 6, 109, 3.0251638225158954
LABS, 6, 110, 3.0100853679705244
LABS, 6, 111, 3.0121377669386136
LABS, 6, 112, 3.12617534521429
LABS, 6, 113, 2.991917949552464
LABS, 6, 114, 3.0032642317403533
LABS, 6, 115, 3.0559584965284956
LABS, 6, 116, 2.9075322617399326
LABS, 6, 117, 2.8193808338941215
LABS, 6, 118, 3.1361444393333384
LABS, 6, 119, 3.058609756196972
LABS, 6, 120, 2.9961917183507047
LABS, 6, 121, 3.042741195631748
LABS, 6, 122, 3.03997924625951
LABS, 6, 123, 3.1320867294376127
LABS, 6, 124, 2.937143356104122
LABS, 6, 125, 3.198189574639816
LABS, 6, 126, 3.196101181681498
LABS, 6, 127, 3.0257735943796185
LABS, 6, 128, 3.203412006686219
LABS, 6, 129, 3.036958247011011
LABS, 7, 7, 1.9471787550898434
LABS, 7, 8, 2.112966551465086
LABS, 7, 9, 2.2174943173274904
LABS, 7, 10, 2.409874707270054
LABS, 7, 11, 2.3579599226086034
LABS, 7, 12, 2.525539061674177
LABS, 7, 13, 2.5273282441794453
LABS, 7, 14, 2.517271017425403
LABS, 7, 15, 2.5874566408084307
LABS, 7, 16, 2.780871243295249
LABS, 7, 17, 2.962184732757739
LABS, 7, 18, 2.8880092755093547
LABS, 7, 19, 2.715789394839004
LABS, 7, 20, 2.8202151140556717
LABS, 7, 21, 2.7314002344137718
LABS, 7, 22, 2.6960757182715103
LABS, 7, 23, 2.6946719481493226
LABS, 7, 24, 2.694115325243139
LABS, 7, 25, 2.7436811378170227
LABS, 7, 26, 2.739322997457859
LABS, 7, 27, 2.8674334101448964
LABS, 7, 28, 2.8039492991731025
LABS, 7, 29, 2.890155246859229
LABS, 7, 30, 2.838627639846516
LABS, 7, 31, 2.930375229608044
LABS, 7, 32, 2.664323869231297
LABS, 7, 33, 2.781306287709337
LABS, 7, 34, 2.7963381779013643
LABS, 7, 35, 2.9091155165133644
LABS, 7, 36, 3.0182855120777967
LABS, 7, 37, 2.9191661543161627
LABS, 7, 38, 3.0141074999128183
LABS, 7, 39, 2.82133714301835
LABS, 7, 40, 2.942157044726784
LABS, 7, 41, 2.814347388414646
LABS, 7, 42, 2.9825186097095444
LABS, 7, 43, 2.928667336579212
LABS, 7, 44, 3.030113999219412
LABS, 7, 45, 2.92973917857024
LABS, 7, 46, 2.988136343146699
LABS, 7, 47, 3.0636957704596237
LABS, 7, 48, 2.7602491929841606
LABS, 7, 49, 2.8827660226786103
LABS, 7, 50, 2.9938841228188693
LABS, 7, 51, 2.9330216333411343
LABS, 7, 52, 2.974434374625544
LABS, 7, 53, 2.989759009341153
LABS, 7, 54, 2.9235442249998065
LABS, 7, 55, 2.993991121766393
LABS, 7, 56, 2.9270081585006555
LABS, 7, 57, 2.9542379963664933
LABS, 7, 58, 2.9585967732647305
LABS, 7, 59, 2.942158309084179
LABS, 7, 60, 2.9126319177618134
LABS, 7, 61, 2.8969226055510573
LABS, 7, 62, 2.8087014661232286
LABS, 7, 63, 3.11289126330484
LABS, 7, 64, 2.8637756755455994
LABS, 7, 65, 2.8822454224847065
LABS, 7, 66, 3.028681193474573
LABS, 7, 67, 3.1293392539537996
LABS, 7, 68, 3.0989389518369275
LABS, 7, 69, 3.1876749297153593
LABS, 7, 70, 2.887076032033138
LABS, 7, 71, 2.9612883327047825
LABS, 7, 72, 3.120952183941369
LABS, 7, 73, 3.160591525661295
LABS, 7, 74, 2.9984825896160343
LABS, 7, 75, 2.946743380886384
LABS, 7, 76, 3.075748531673385
LABS, 7, 77, 2.960856215718592
LABS, 7, 78, 3.1137501190654766
LABS, 7, 79, 3.077327523657664
LABS, 7, 80, 2.9403692780334
LABS, 7, 81, 3.0747680023982595
LABS, 7, 82, 3.053550330476983
LABS, 7, 83, 3.148837183014341
LABS, 7, 84, 3.08160171923355
LABS, 7, 85, 3.0610033321587644
LABS, 7, 86, 2.994940532889911
LABS, 7, 87, 3.01203001538552
LABS, 7, 88, 3.0320077508961467
LABS, 7, 89, 3.065695420409694
LABS, 7, 90, 3.1567370050960246
LABS, 7, 91, 2.9958990960672645
LABS, 7, 92, 3.1021848364720226
LABS, 7, 93, 2.950893810092968
LABS, 7, 94, 3.129338691583556
LABS, 7, 95, 3.0913352282637288
LABS, 7, 96, 2.975611293802456
LABS, 7, 97, 3.0959030391210023
LABS, 7, 98, 3.047071527904602
LABS, 7, 99, 3.0663574430659013
LABS, 7, 100, 3.11127541179979
LABS, 7, 101, 3.1638905842609693
LABS, 7, 102, 3.120200690022317
LABS, 7, 103, 3.07647777135725
LABS, 7, 104, 2.965660154375704
LABS, 7, 105, 3.0667963535885545
LABS, 7, 106, 3.142301388391906
LABS, 7, 107, 3.2177425299452977
LABS, 7, 108, 3.0300848892731227
LABS, 7, 109, 3.122479013150275
LABS, 7, 110, 3.0181975663873466
LABS, 7, 111, 2.991453722521157
LABS, 7, 112, 3.077865378077535
LABS, 7, 113, 2.983036135384711
LABS, 7, 114, 2.9667091974585187
LABS, 7, 115, 3.1373073789085257
LABS, 7, 116, 3.0303415886302623
LABS, 7, 117, 2.998732460997651
LABS, 7, 118, 3.107152914400366
LABS, 7, 119, 3.151921200277191
LABS, 7, 120, 2.9400774663421476
LABS, 7, 121, 3.10096133142212
LABS, 7, 122, 3.0493087431738317
LABS, 7, 123, 3.141197077489669
LABS, 7, 124, 2.9488331725636385
LABS, 7, 125, 3.117938854519803
LABS, 7, 126, 3.0892382755445884
LABS, 7, 127, 3.1778617914084704
LABS, 7, 128, 2.968956731852985
LABS, 7, 129, 3.178203470522212
LABS, 8, 8, 2.0841062882311814
LABS, 8, 9, 2.1205946409614507
LABS, 8, 10, 2.250460457730817
LABS, 8, 11, 2.3231759470868694
LABS, 8, 12, 2.4293693439839115
LABS, 8, 13, 2.5119942224167007
LABS, 8, 14, 2.5816903143627887
LABS, 8, 15, 2.5907362895646053
LABS, 8, 16, 2.5439504636707353
LABS, 8, 17, 2.6238938909278797
LABS, 8, 18, 2.7961269752680047
LABS, 8, 19, 2.7375557606003524
LABS, 8, 20, 2.8415461303747387
LABS, 8, 21, 2.692902904812491
LABS, 8, 22, 2.6342623162107266
LABS, 8, 23, 2.725594106812566
LABS, 8, 24, 2.7777249738422625
LABS, 8, 25, 2.7520135938246684
LABS, 8, 26, 2.673111549660996
LABS, 8, 27, 2.8870863902500616
LABS, 8, 28, 2.8573424630215816
LABS, 8, 29, 2.831472015958125
LABS, 8, 30, 2.7565991265971177
LABS, 8, 31, 2.934396861106167
LABS, 8, 32, 3.0325090070671186
LABS, 8, 33, 2.8514429540991144
LABS, 8, 34, 3.034878781005408
LABS, 8, 35, 3.058522359508985
LABS, 8, 36, 2.8908045206946604
LABS, 8, 37, 2.999518797697757
LABS, 8, 38, 2.9498779672399413
LABS, 8, 39, 3.063702103756376
LABS, 8, 40, 2.880260137164894
LABS, 8, 41, 2.9442957735852007
LABS, 8, 42, 2.957784880205821
LABS, 8, 43, 3.0615424931656974
LABS, 8, 44, 2.938620849837236
LABS, 8, 45, 2.857610053430288
LABS, 8, 46, 2.9098375470817004
LABS, 8, 47, 2.9576677426072866
LABS, 8, 48, 2.8707715787848165
LABS, 8, 49, 3.064626787403397
LABS, 8, 50, 3.145087867093311
LABS, 8, 51, 3.009221610098625
LABS, 8, 52, 2.9453560385338093
LABS, 8, 53, 3.032105541339624
LABS, 8, 54, 3.0027857934812108
LABS, 8, 55, 3.235017747346878
LABS, 8, 56, 2.948541277018407
LABS, 8, 57, 2.9363085714699664
LABS, 8, 58, 3.1671729870223717
LABS, 8, 59, 2.960425993823593
LABS, 8, 60, 3.0767685977984938
LABS, 8, 61, 3.0469053738593574
LABS, 8, 62, 2.9118129891418105
LABS, 8, 63, 3.1126564868635063
LABS, 8, 64, 3.1348458210508436
LABS, 8, 65, 3.044047746080723
LABS, 8, 66, 3.1101882214322556
LABS, 8, 67, 2.9649517788395574
LABS, 8, 68, 2.893152304221932
LABS, 8, 69, 3.0808060185388078
LABS, 8, 70, 3.1407127879615064
LABS, 8, 71, 3.1652487226646873
LABS, 8, 72, 3.0204717531111513
LABS, 8, 73, 2.9542483886783653
LABS, 8, 74, 3.1892280652500826
LABS, 8, 75, 3.0034053178628755
LABS, 8, 76, 3.0048023428252875
LABS, 8, 77, 3.018896619058591
LABS, 8, 78, 3.076991165212127
LABS, 8, 79, 2.825862208628644
LABS, 8, 80, 3.0807173674640316
LABS, 8, 81, 3.0044267662216044
LABS, 8, 82, 3.050445447770744
LABS, 8, 83, 3.092731759032879
LABS, 8, 84, 3.100177629460578
LABS, 8, 85, 3.201496341153775
LABS, 8, 86, 3.0913226755596033
LABS, 8, 87, 3.083846278106673
LABS, 8, 88, 3.168518340408311
LABS, 8, 89, 3.057450262017918
LABS, 8, 90, 3.0419584581157784
LABS, 8, 91, 3.137413784277725
LABS, 8, 92, 3.009650689718332
LABS, 8, 93, 3.10536918963235
LABS, 8, 94, 2.8873023822295143
LABS, 8, 95, 3.0712512925588373
LABS, 8, 96, 3.1330031852621345
LABS, 8, 97, 3.1756499747065186
LABS, 8, 98, 3.0469325201471498
LABS, 8, 99, 3.0745453138521066
LABS, 8, 100, 3.1251889159401975
LABS, 8, 101, 2.858190784582611
LABS, 8, 102, 3.0995522969859897
LABS, 8, 103, 3.1023777589677124
LABS, 8, 104, 3.226616040186202
LABS, 8, 105, 3.1897754963257468
LABS, 8, 106, 3.083847591783268
LABS, 8, 107, 3.1820963172792722
LABS, 8, 108, 3.1011170686464338
LABS, 8, 109, 3.2335850337123757
LABS, 8, 110, 3.225408151264234
LABS, 8, 111, 3.1405935529739297
LABS, 8, 112, 3.2358052243308455
LABS, 8, 113, 3.082227903022453
LABS, 8, 114, 3.1283183948354054
LABS, 8, 115, 3.1264282385009112
LABS, 8, 116, 3.0255927830506053
LABS, 8, 117, 3.1166424046071954
LABS, 8, 118, 3.111597304066895
LABS, 8, 119, 3.1216946470868314
LABS, 8, 120, 3.216573870232189
LABS, 8, 121, 3.1875423449981968
LABS, 8, 122, 3.023956960892653
LABS, 8, 123, 3.114818927033227
LABS, 8, 124, 3.1665087080648378
LABS, 8, 125, 3.189641202185583
LABS, 8, 126, 3.1353069334012327
LABS, 8, 127, 3.187301375902537
LABS, 8, 128, 3.1889647992009227
LABS, 8, 129, 3.080135139171092
LABS, 9, 9, 2.1789920263332014
LABS, 9, 10, 2.316064293732585
LABS, 9, 11, 2.3135522078790003
LABS, 9, 12, 2.415368161331233
LABS, 9, 13, 2.4082673681994278
LABS, 9, 14, 2.539819083377733
LABS, 9, 15, 2.499602343979128
LABS, 9, 16, 2.5330605585320063
LABS, 9, 17, 2.5347192871313093
LABS, 9, 18, 2.780055299400325
LABS, 9, 19, 2.7363594841052152
LABS, 9, 20, 2.6659361253335403
LABS, 9, 21, 2.725341935962974
LABS, 9, 22, 2.8339054650829105
LABS, 9, 23, 2.82920233037284
LABS, 9, 24, 2.8989769094385727
LABS, 9, 25, 2.8537369796911225
LABS, 9, 26, 2.7778686897033364
LABS, 9, 27, 2.937436553172021
LABS, 9, 28, 2.9538032339310423
LABS, 9, 29, 2.9658573536212876
LABS, 9, 30, 2.9244197345056477
LABS, 9, 31, 2.8512700888935893
LABS, 9, 32, 2.962866443666038
LABS, 9, 33, 2.8297806818883227
LABS, 9, 34, 2.844229007198739
LABS, 9, 35, 2.8898352660959463
LABS, 9, 36, 2.921141793987893
LABS, 9, 37, 2.8561858255984447
LABS, 9, 38, 2.981345490817299
LABS, 9, 39, 3.1343558808024783
LABS, 9, 40, 2.992047691248045
LABS, 9, 41, 2.943145887365553
LABS, 9, 42, 3.0729276543510884
LABS, 9, 43, 2.8783064991088567
LABS, 9, 44, 2.935708047740641
LABS, 9, 45, 2.9401957915250994
LABS, 9, 46, 3.0381898770626443
LABS, 9, 47, 2.905159666723006
LABS, 9, 48, 3.0802119659528318
LABS, 9, 49, 2.9367423444806837
LABS, 9, 50, 2.971831155382612
LABS, 9, 51, 3.2117927263881185
LABS, 9, 52, 3.1617281606296608
LABS, 9, 53, 3.0952159528147747
LABS, 9, 54, 2.9821449700161144
LABS, 9, 55, 3.146764367311169
LABS, 9, 56, 3.115327909702332
LABS, 9, 57, 3.0909541160312712
LABS, 9, 58, 2.9776108549778373
LABS, 9, 59, 2.9996042595841423
LABS, 9, 60, 2.9651398772554174
LABS, 9, 61, 3.2534417440011465
LABS, 9, 62, 3.102574188832867
LABS, 9, 63, 3.0270368395913865
LABS, 9, 64, 3.1111471355038622
LABS, 9, 65, 3.123390595156292
LABS, 9, 66, 2.937038738048561
LABS, 9, 67, 3.127348304129766
LABS, 9, 68, 3.1381635390909244
LABS, 9, 69, 2.9655495807963224
LABS, 9, 70, 3.0987648204626757
LABS, 9, 71, 3.122318555782326
LABS, 9, 72, 3.062785838607639
LABS, 9, 73, 2.939026758155294
LABS, 9, 74, 3.1272285842699756
LABS, 9, 75, 3.1334196616761965
LABS, 9, 76, 3.0113308981187337
LABS, 9, 77, 3.0618299005946037
LABS, 9, 78, 2.8783104948522262
LABS, 9, 79, 3.1132592949895868
LABS, 9, 80, 3.099118290540817
LABS, 9, 81, 3.163166714395082
LABS, 9, 82, 3.1994852208451405
LABS, 9, 83, 3.315309456875158
LABS, 9, 84, 3.037548168081242
LABS, 9, 85, 3.196125218049344
LABS, 9, 86, 3.111540145919078
LABS, 9, 87, 3.018623448579665
LABS, 9, 88, 3.1299862329801025
LABS, 9, 89, 3.2127512847872985
LABS, 9, 90, 3.182735261163633
LABS, 9, 91, 3.0102444624809284
LABS, 9, 92, 3.0911784722561126
LABS, 9, 93, 3.2284297254815386
LABS, 9, 94, 3.262859797790019
LABS, 9, 95, 3.158183585983963
LABS, 9, 96, 3.070201611568067
LABS, 9, 97, 3.211744698001433
LABS, 9, 98, 3.187075858809879
LABS, 9, 99, 3.1188528563625586
LABS, 9, 100, 3.2275836316515667
LABS, 9, 101, 3.142249942137465
LABS, 9, 102, 2.991582389883881
LABS, 9, 103, 3.0782005576172558
LABS, 9, 104, 3.133207997325862
LABS, 9, 105, 2.975787166305909
LABS, 9, 106, 3.095225193537649
LABS, 9, 107, 3.115330988083144
LABS, 9, 108, 3.166576317730227
LABS, 9, 109, 3.125166529402695
LABS, 9, 110, 3.1004471343983497
LABS, 9, 111, 3.2860664498940375
LABS, 9, 112, 3.0940395010455095
LABS, 9, 113, 3.1197065053370787
LABS, 9, 114, 3.2039581471365595
LABS, 9, 115, 3.224814495036683
LABS, 9, 116, 3.073500875741566
LABS, 9, 117, 3.2134515704044317
LABS, 9, 118, 3.2024591115612657
LABS, 9, 119, 3.1458967453016378
LABS, 9, 120, 3.1967972580029924
LABS, 9, 121, 3.0791058036194228
LABS, 9, 122, 3.182900379351039
LABS, 9, 123, 3.0804912348336195
LABS, 9, 124, 3.2427528441485514
LABS, 9, 125, 3.049392514134865
LABS, 9, 126, 3.235421808170384
LABS, 9, 127, 3.140576759252974
LABS, 9, 128, 3.134031382511637
LABS, 9, 129, 3.115842531227086
LABS, 10, 10, 2.1021354775706738
LABS, 10, 11, 2.355463252374048
LABS, 10, 12, 2.3987500797190124
LABS, 10, 13, 2.4347142737412124
LABS, 10, 14, 2.437186504900501
LABS, 10, 15, 2.525440303551791
LABS, 10, 16, 2.5939554821887087
LABS, 10, 17, 2.6240303506870033
LABS, 10, 18, 2.6069731001152285
LABS, 10, 19, 2.76516198296944
LABS, 10, 20, 2.8411720207152547
LABS, 10, 21, 2.9098742374679922
LABS, 10, 22, 2.7373864582842673
LABS, 10, 23, 2.8409328588595573
LABS, 10, 24, 2.843424123609571
LABS, 10, 25, 2.7713290867737124
LABS, 10, 26, 2.89074291362895
LABS, 10, 27, 2.9045433908764657
LABS, 10, 28, 2.9273210776509004
LABS, 10, 29, 2.9408976717152973
LABS, 10, 30, 2.949871450125442
LABS, 10, 31, 2.8814696924715557
LABS, 10, 32, 2.944023608137942
LABS, 10, 33, 3.090943450614044
LABS, 10, 34, 3.0005315672532427
LABS, 10, 35, 2.9877602570126216
LABS, 10, 36, 3.0009698514835343
LABS, 10, 37, 2.9308287919225138
LABS, 10, 38, 3.0531366533400592
LABS, 10, 39, 2.9883648995004433
LABS, 10, 40, 2.92623499251477
LABS, 10, 41, 2.953584555200269
LABS, 10, 42, 3.095929913672513
LABS, 10, 43, 3.1139237448845107
LABS, 10, 44, 3.157625442857022
LABS, 10, 45, 3.1623856372881414
LABS, 10, 46, 2.9830432973182783
LABS, 10, 47, 3.0556591754285263
LABS, 10, 48, 2.976653909056862
LABS, 10, 49, 2.998116587056681
LABS, 10, 50, 3.045499625365455
LABS, 10, 51, 3.0539881827829327
LABS, 10, 52, 3.0490704433587084
LABS, 10, 53, 3.1469166565613365
LABS, 10, 54, 3.096344750004243
LABS, 10, 55, 2.995681644852268
LABS, 10, 56, 2.950068910858505
LABS, 10, 57, 3.0928326045053427
LABS, 10, 58, 3.1961952724827047
LABS, 10, 59, 3.094490982730817
LABS, 10, 60, 3.060489182373152
LABS, 10, 61, 3.165849336747333
LABS, 10, 62, 3.153593067189918
LABS, 10, 63, 3.2000213274028417
LABS, 10, 64, 3.156053741729741
LABS, 10, 65, 3.132491262026452
LABS, 10, 66, 3.181367334919464
LABS, 10, 67, 2.952986486207098
LABS, 10, 68, 3.073503387369667
LABS, 10, 69, 3.2055132017725243
LABS, 10, 70, 3.264862303474934
LABS, 10, 71, 3.287213868345713
LABS, 10, 72, 3.1358872741382533
LABS, 10, 73, 2.9363488044279817
LABS, 10, 74, 3.168026820992612
LABS, 10, 75, 3.1618770709751365
LABS, 10, 76, 3.2135520105874855
LABS, 10, 77, 3.263183707981599
LABS, 10, 78, 3.191991112268126
LABS, 10, 79, 3.0013754784020854
LABS, 10, 80, 3.090588501632599
LABS, 10, 81, 3.094837499691517
LABS, 10, 82, 3.049268284007911
LABS, 10, 83, 3.099624409221245
LABS, 10, 84, 3.097771810928456
LABS, 10, 85, 3.2912357555594873
LABS, 10, 86, 3.178216623738909
LABS, 10, 87, 3.314841038848087
LABS, 10, 88, 3.3528138375067846
LABS, 10, 89, 3.158631539643409
LABS, 10, 90, 3.192742401136486
LABS, 10, 91, 3.2435374459450967
LABS, 10, 92, 3.0338791137006997
LABS, 10, 93, 3.11704127855577
LABS, 10, 94, 3.0634964337159376
LABS, 10, 95, 3.1479499123358585
LABS, 10, 96, 3.1921800304000345
LABS, 10, 97, 3.223360206756366
LABS, 10, 98, 3.223233740710588
LABS, 10, 99, 3.1043542357904323
LABS, 10, 100, 3.1289488384652726
LABS, 10, 101, 3.1859451463907895
LABS, 10, 102, 3.0226355208697573
LABS, 10, 103, 3.2072409750659667
LABS, 10, 104, 3.105220950165967
LABS, 10, 105, 3.1969310901915935
LABS, 10, 106, 3.1268930856738293
LABS, 10, 107, 3.1750794588239613
LABS, 10, 108, 3.2723302760353334
LABS, 10, 109, 3.3437717920472414
LABS, 10, 110, 3.2039352746255405
LABS, 10, 111, 3.1293756273415627
LABS, 10, 112, 3.3019512369595154
LABS, 10, 113, 3.2040267977611476
LABS, 10, 114, 3.2207164153375745
LABS, 10, 115, 3.447368702070924
LABS, 10, 116, 3.2575992519304364
LABS, 10, 117, 3.2131379504212907
LABS, 10, 118, 3.1159006122794737
LABS, 10, 119, 3.3076704857818995
LABS, 10, 120, 3.158612120969045
LABS, 10, 121, 3.216439917375717
LABS, 10, 122, 3.2250642292576437
LABS, 10, 123, 3.2650157042372827
LABS, 10, 124, 3.220361502670266
LABS, 10, 125, 3.0331168100394357
LABS, 10, 126, 3.165539534677583
LABS, 10, 127, 3.092288725897586
LABS, 10, 128, 3.287772963823568
LABS, 10, 129, 3.246284878215179
LABS, 11, 11, 2.190519888195297
LABS, 11, 12, 2.3336283918593326
LABS, 11, 13, 2.4015498284599883
LABS, 11, 14, 2.362166759806587
LABS, 11, 15, 2.4957513943475362
LABS, 11, 16, 2.6012637960172125
LABS, 11, 17, 2.4910680946976123
LABS, 11, 18, 2.755743372989389
LABS, 11, 19, 2.6220537289995147
LABS, 11, 20, 2.7295097101456394
LABS, 11, 21, 2.8175424189639213
LABS, 11, 22, 2.7876859870739987
LABS, 11, 23, 2.810458247250458
LABS, 11, 24, 2.9081858098618634
LABS, 11, 25, 2.8658086263203058
LABS, 11, 26, 2.8132903576693904
LABS, 11, 27, 2.914255940845867
LABS, 11, 28, 3.1187484692760146
LABS, 11, 29, 2.9535296927562666
LABS, 11, 30, 2.916162023324602
LABS, 11, 31, 3.038630532806642
LABS, 11, 32, 2.9624179316617614
LABS, 11, 33, 3.0450050470631664
LABS, 11, 34, 3.015888623402991
LABS, 11, 35, 2.971081830680753
LABS, 11, 36, 3.0980764027192196
LABS, 11, 37, 3.1335713849535636
LABS, 11, 38, 3.0456374785322016
LABS, 11, 39, 3.2011389288844567
LABS, 11, 40, 3.0014689817124744
LABS, 11, 41, 3.0496261223218264
LABS, 11, 42, 3.026962958652982
LABS, 11, 43, 3.0488913601806145
LABS, 11, 44, 3.068154051620297
LABS, 11, 45, 2.9711801886596914
LABS, 11, 46, 3.023570362603364
LABS, 11, 47, 3.159618582477571
LABS, 11, 48, 2.9828270784158395
LABS, 11, 49, 3.118521508199709
LABS, 11, 50, 3.0145967194760077
LABS, 11, 51, 3.033771639633181
LABS, 11, 52, 3.183666491647469
LABS, 11, 53, 3.1142982058043405
LABS, 11, 54, 3.171576366569348
LABS, 11, 55, 3.040094848790022
LABS, 11, 56, 3.165040108182997
LABS, 11, 57, 3.190683941548194
LABS, 11, 58, 3.1816681408484087
LABS, 11, 59, 3.093853033797001
LABS, 11, 60, 3.231551557511435
LABS, 11, 61, 3.207849944003472
LABS, 11, 62, 3.1972977670931946
LABS, 11, 63, 3.1116597719581653
LABS, 11, 64, 3.129872271177837
LABS, 11, 65, 3.119437271702281
LABS, 11, 66, 3.222929882963437
LABS, 11, 67, 3.1169936292222076
LABS, 11, 68, 3.309104015733639
LABS, 11, 69, 3.1344996355472277
LABS, 11, 70, 3.1865692297136627
LABS, 11, 71, 3.1861863653949603
LABS, 11, 72, 3.1852658186863096
LABS, 11, 73, 3.2964938642408286
LABS, 11, 74, 3.1175434394362034
LABS, 11, 75, 3.0482894783332783
LABS, 11, 76, 2.9635854292933006
LABS, 11, 77, 3.062957318835817
LABS, 11, 78, 3.16082892331666
LABS, 11, 79, 3.297450921455303
LABS, 11, 80, 3.104107326397221
LABS, 11, 81, 3.033532966571863
LABS, 11, 82, 3.3086656393627765
LABS, 11, 83, 3.170679982941029
LABS, 11, 84, 3.2277202171725237
LABS, 11, 85, 3.154885098514784
LABS, 11, 86, 3.1768368167722856
LABS, 11, 87, 3.1570772167171417
LABS, 11, 88, 3.0861744937004705
LABS, 11, 89, 3.1703244386533553
LABS, 11, 90, 3.010637872254651
LABS, 11, 91, 3.077561561477598
LABS, 11, 92, 3.0013424910353157
LABS, 11, 93, 3.1661706619827776
LABS, 11, 94, 3.0699330316246174
LABS, 11, 95, 3.0331246652838533
LABS, 11, 96, 3.2162625016151685
LABS, 11, 97, 3.1047737218440092
LABS, 11, 98, 3.181203016995896
LABS, 11, 99, 3.144991047227066
LABS, 11, 100, 3.1545515023240553
LABS, 11, 101, 3.186223184315309
LABS, 11, 102, 3.27557808228178
LABS, 11, 103, 3.1893203468234583
LABS, 11, 104, 3.407214640562548
LABS, 11, 105, 3.255391433247013
LABS, 11, 106, 3.3229742253782732
LABS, 11, 107, 3.1673869973230775
LABS, 11, 108, 3.2163385877326207
LABS, 11, 109, 3.166251238412786
LABS, 11, 110, 3.0944147729207034
LABS, 11, 111, 3.063622753063578
LABS, 11, 112, 3.261963990936329
LABS, 11, 113, 3.3260136190958614
LABS, 11, 114, 3.2190316166493838
LABS, 11, 115, 3.241909749963843
LABS, 11, 116, 3.2968126775758066
LABS, 11, 117, 3.2672398131905083
LABS, 11, 118, 3.477143197509934
LABS, 11, 119, 3.2884267325417484
LABS, 11, 120, 3.227035230855121
LABS, 11, 121, 3.2348764811517574
LABS, 11, 122, 3.246652350762362
LABS, 11, 123, 3.1811080914906325
LABS, 11, 124, 3.189312678921578
LABS, 11, 125, 3.280788636394509
LABS, 11, 126, 3.372040141115041
LABS, 11, 127, 3.159100839261795
LABS, 11, 128, 3.095736929913294
LABS, 11, 129, 3.206429239950861
LABS, 12, 12, 2.187523043807479
LABS, 12, 13, 2.266066164752945
LABS, 12, 14, 2.411192037201606
LABS, 12, 15, 2.469032517298902
LABS, 12, 16, 2.644638165629422
LABS, 12, 17, 2.6113777649587067
LABS, 12, 18, 2.5895204587623963
LABS, 12, 19, 2.7711783434173722
LABS, 12, 20, 2.7660536464144982
LABS, 12, 21, 2.6900121422692975
LABS, 12, 22, 2.6059722130365075
LABS, 12, 23, 2.873876121207023
LABS, 12, 24, 2.8011972460492354
LABS, 12, 25, 2.869445077312453
LABS, 12, 26, 2.816780176317798
LABS, 12, 27, 2.932425242145416
LABS, 12, 28, 2.9528896368678983
LABS, 12, 29, 3.0196771844248462
LABS, 12, 30, 2.956152802205611
LABS, 12, 31, 2.9332564372421417
LABS, 12, 32, 3.0466270812028364
LABS, 12, 33, 2.964124571006374
LABS, 12, 34, 2.90640508656353
LABS, 12, 35, 3.1368502387010078
LABS, 12, 36, 2.9464896853807536
LABS, 12, 37, 2.914368430351322
LABS, 12, 38, 3.0010919130134446
LABS, 12, 39, 3.145666812685424
LABS, 12, 40, 3.1281125363351885
LABS, 12, 41, 2.959501532928745
LABS, 12, 42, 3.1007352460714466
LABS, 12, 43, 3.0042329525037266
LABS, 12, 44, 2.9356158153219676
LABS, 12, 45, 2.9974284859935834
LABS, 12, 46, 3.3093067549314745
LABS, 12, 47, 3.088763358596887
LABS, 12, 48, 3.009924796922241
LABS, 12, 49, 3.159658956641048
LABS, 12, 50, 3.0888158051294132
LABS, 12, 51, 3.212980704544085
LABS, 12, 52, 2.993465656362293
LABS, 12, 53, 3.1539224886950237
LABS, 12, 54, 3.0789086918918986
LABS, 12, 55, 3.0854678574044128
LABS, 12, 56, 3.169378714730282
LABS, 12, 57, 3.1177170534195353
LABS, 12, 58, 3.3254113743168063
LABS, 12, 59, 3.1769412744923726
LABS, 12, 60, 3.120627059071625
LABS, 12, 61, 3.1816189237440797
LABS, 12, 62, 3.1121209272000643
LABS, 12, 63, 3.2276727621649655
LABS, 12, 64, 3.1727640313007255
LABS, 12, 65, 3.103883088211438
LABS, 12, 66, 3.111298568381047
LABS, 12, 67, 3.1204572204315406
LABS, 12, 68, 3.2475792085239705
LABS, 12, 69, 3.1033726896102283
LABS, 12, 70, 3.2216975283340488
LABS, 12, 71, 3.1613259871696737
LABS, 12, 72, 3.2269902235817782
LABS, 12, 73, 3.167806080550533
LABS, 12, 74, 3.295616182871971
LABS, 12, 75, 3.147608017183062
LABS, 12, 76, 3.1910904719245545
LABS, 12, 77, 3.2049502648955697
LABS, 12, 78, 3.23523568582504
LABS, 12, 79, 3.111388949904946
LABS, 12, 80, 3.314930150938989
LABS, 12, 81, 3.273524770012382
LABS, 12, 82, 3.235726134324506
LABS, 12, 83, 3.3714759857745817
LABS, 12, 84, 3.0885599197730036
LABS, 12, 85, 3.1747007204394535
LABS, 12, 86, 3.2398415007678167
LABS, 12, 87, 3.1528983515435067
LABS, 12, 88, 3.1779983292874547
LABS, 12, 89, 3.234313186052229
LABS, 12, 90, 3.0726822915466236
LABS, 12, 91, 3.2473775276311905
LABS, 12, 92, 3.3157238265824183
LABS, 12, 93, 3.2006471844010944
LABS, 12, 94, 3.2407635326162705
LABS, 12, 95, 3.250619777595749
LABS, 12, 96, 3.226725956713272
LABS, 12, 97, 3.2817918541880156
LABS, 12, 98, 3.481469484989403
LABS, 12, 99, 3.35144766042657
LABS, 12, 100, 3.214229401218683
LABS, 12, 101, 3.119488703366067
LABS, 12, 102, 3.183289926089968
LABS, 12, 103, 3.4073761890868695
LABS, 12, 104, 3.1738738378315414
LABS, 12, 105, 3.2554926809033917
LABS, 12, 106, 3.167201435557326
LABS, 12, 107, 3.182276275286317
LABS, 12, 108, 3.319666084554129
LABS, 12, 109, 3.2070867471027897
LABS, 12, 110, 3.276612337357065
LABS, 12, 111, 3.3393438177190005
LABS, 12, 112, 3.11880244039494
LABS, 12, 113, 3.3185524326199087
LABS, 12, 114, 3.310636467049966
LABS, 12, 115, 3.1544185129955444
LABS, 12, 116, 3.323374190347235
LABS, 12, 117, 3.280900262438073
LABS, 12, 118, 3.354271333042483
LABS, 12, 119, 3.1478021293263994
LABS, 12, 120, 3.29759778412106
LABS, 12, 121, 3.3516676824618385
LABS, 12, 122, 3.3548621060947688
LABS, 12, 123, 3.1937898596784082
LABS, 12, 124, 3.2736569230457966
LABS, 12, 125, 3.380689454779514
LABS, 12, 126, 3.264016353375477
LABS, 12, 127, 3.303902077069769
LABS, 12, 128, 3.2138267356993255
LABS, 12, 129, 3.2693504330348793
LABS, 13, 13, 2.142534331769014
LABS, 13, 14, 2.2280262878161063
LABS, 13, 15, 2.5303949139968323
LABS, 13, 16, 2.4326826537967747
LABS, 13, 17, 2.54107075969358
LABS, 13, 18, 2.5864698757926115
LABS, 13, 19, 2.6019484794321412
LABS, 13, 20, 2.7275063430500004
LABS, 13, 21, 2.7716574403979815
LABS, 13, 22, 2.74819985406366
LABS, 13, 23, 2.948876384354599
LABS, 13, 24, 2.8379614572463336
LABS, 13, 25, 2.7832194520263536
LABS, 13, 26, 2.8554760299682904
LABS, 13, 27, 2.9377095741306305
LABS, 13, 28, 2.9057314482182903
LABS, 13, 29, 3.0713488992242057
LABS, 13, 30, 2.8561517155477736
LABS, 13, 31, 2.952402210635661
LABS, 13, 32, 3.0013252572679514
LABS, 13, 33, 2.977516532568055
LABS, 13, 34, 2.8900311029074013
LABS, 13, 35, 2.900774938699841
LABS, 13, 36, 3.122931068099173
LABS, 13, 37, 3.08309568506443
LABS, 13, 38, 3.0413527247295113
LABS, 13, 39, 3.077178136144208
LABS, 13, 40, 2.9700066386298354
LABS, 13, 41, 3.0036655147587346
LABS, 13, 42, 3.0790492199756865
LABS, 13, 43, 3.0601589962802853
LABS, 13, 44, 3.100948531816118
LABS, 13, 45, 3.09414651803007
LABS, 13, 46, 3.0539632615725316
LABS, 13, 47, 3.155217547961551
LABS, 13, 48, 3.068621855235396
LABS, 13, 49, 3.0623519108703503
LABS, 13, 50, 3.0970436581636087
LABS, 13, 51, 3.139516407318546
LABS, 13, 52, 3.1873263261013975
LABS, 13, 53, 3.09228625551258
LABS, 13, 54, 3.186215896814139
LABS, 13, 55, 3.154360357145258
LABS, 13, 56, 3.0266734347462383
LABS, 13, 57, 3.1805263619491058
LABS, 13, 58, 3.13730195803027
LABS, 13, 59, 3.2360876037949176
LABS, 13, 60, 3.299702316441637
LABS, 13, 61, 3.1152171047281674
LABS, 13, 62, 3.3004305940710763
LABS, 13, 63, 3.1855584787707985
LABS, 13, 64, 3.1502054433586504
LABS, 13, 65, 3.2038282067793538
LABS, 13, 66, 3.184393683808619
LABS, 13, 67, 3.221438952414206
LABS, 13, 68, 3.236861958697948
LABS, 13, 69, 3.28747870609759
LABS, 13, 70, 3.252683838814643
LABS, 13, 71, 3.2350135833493967
LABS, 13, 72, 3.1192828710440095
LABS, 13, 73, 3.224425124518041
LABS, 13, 74, 3.211501402799289
LABS, 13, 75, 3.1968577869643977
LABS, 13, 76, 3.186319078587061
LABS, 13, 77, 3.211454892204698
LABS, 13, 78, 3.244572517746684
LABS, 13, 79, 3.189161055622339
LABS, 13, 80, 3.081608687858656
LABS, 13, 81, 3.295825053159213
LABS, 13, 82, 3.292253046866174
LABS, 13, 83, 3.1382447885116216
LABS, 13, 84, 3.242178988408374
LABS, 13, 85, 3.3251873483064975
LABS, 13, 86, 3.1474876290132427
LABS, 13, 87, 3.166906225281603
LABS, 13, 88, 3.2496812246400872
LABS, 13, 89, 3.2238417298907307
LABS, 13, 90, 3.206828587754348
LABS, 13, 91, 3.1584461896204745
LABS, 13, 92, 3.2980165962020607
LABS, 13, 93, 3.1899922582304208
LABS, 13, 94, 3.3320489342616897
LABS, 13, 95, 3.3769118961047
LABS, 13, 96, 3.249841704513689
LABS, 13, 97, 3.2195253721503603
LABS, 13, 98, 3.2869898589947852
LABS, 13, 99, 3.4030819300668376
LABS, 13, 100, 3.2400835372145713
LABS, 13, 101, 3.2882002173890585
LABS, 13, 102, 3.2465291873908546
LABS, 13, 103, 3.331198695867701
LABS, 13, 104, 3.193548850340032
LABS, 13, 105, 3.245729719439114
LABS, 13, 106, 3.189845699408481
LABS, 13, 107, 3.14027306736117
LABS, 13, 108, 3.2480424371906187
LABS, 13, 109, 3.2810711449051135
LABS, 13, 110, 3.0474384983846257
LABS, 13, 111, 3.2402175543839
LABS, 13, 112, 3.2439674011362087
LABS, 13, 113, 3.228728640496919
LABS, 13, 114, 3.175585552123009
LABS, 13, 115, 3.318591726701803
LABS, 13, 116, 3.3483665843779917
LABS, 13, 117, 3.435491903455555
LABS, 13, 118, 3.3694832927853176
LABS, 13, 119, 3.2916452623108645
LABS, 13, 120, 3.196313177305301
LABS, 13, 121, 3.177160651027392
LABS, 13, 122, 3.1887387015765443
LABS, 13, 123, 3.244650518672639
LABS, 13, 124, 3.142476758706608
LABS, 13, 125, 3.281499238436716
LABS, 13, 126, 3.1753525758083523
LABS, 13, 127, 3.169094007724465
LABS, 13, 128, 3.2132822888612993
LABS, 13, 129, 3.3479373056708868
LABS, 14, 14, 2.263015298357448
LABS, 14, 15, 2.3569999953494607
LABS, 14, 16, 2.4580991418476823
LABS, 14, 17, 2.646159743887071
LABS, 14, 18, 2.5597081727736914
LABS, 14, 19, 2.6211345117034135
LABS, 14, 20, 2.6542901744815968
LABS, 14, 21, 2.805612215322428
LABS, 14, 22, 2.787146025350747
LABS, 14, 23, 2.840689963721279
LABS, 14, 24, 2.992808100949572
LABS, 14, 25, 2.9636337354597644
LABS, 14, 26, 2.946659842753381
LABS, 14, 27, 2.9206706116881596
LABS, 14, 28, 2.8846302792087504
LABS, 14, 29, 3.0223567179686546
LABS, 14, 30, 3.009760938171456
LABS, 14, 31, 3.0454513532789904
LABS, 14, 32, 3.041434613451065
LABS, 14, 33, 2.827489134630922
LABS, 14, 34, 3.1040531028961102
LABS, 14, 35, 2.9657658485531297
LABS, 14, 36, 3.1338802329112396
LABS, 14, 37, 3.0098563106300285
LABS, 14, 38, 3.120509458658173
LABS, 14, 39, 3.052666982869746
LABS, 14, 40, 3.131895577684841
LABS, 14, 41, 3.0895842778956792
LABS, 14, 42, 3.0829471507734536
LABS, 14, 43, 3.0065935087202216
LABS, 14, 44, 3.1169812722162566
LABS, 14, 45, 3.231177428961291
LABS, 14, 46, 3.251472848352538
LABS, 14, 47, 3.149118508443414
LABS, 14, 48, 3.0504135680450144
LABS, 14, 49, 2.990397889725966
LABS, 14, 50, 3.197080757329786
LABS, 14, 51, 3.1501352257158635
LABS, 14, 52, 3.107048266023803
LABS, 14, 53, 3.232135612287054
LABS, 14, 54, 3.224436119940731
LABS, 14, 55, 3.2219963748862623
LABS, 14, 56, 3.260467709203317
LABS, 14, 57, 3.0998585367948293
LABS, 14, 58, 3.105953012197222
LABS, 14, 59, 3.1908515740651637
LABS, 14, 60, 3.18500856502176
LABS, 14, 61, 3.181594136330564
LABS, 14, 62, 3.30833517208766
LABS, 14, 63, 3.06466334046008
LABS, 14, 64, 3.3002507433688697
LABS, 14, 65, 3.2436682884312114
LABS, 14, 66, 3.3207500032064337
LABS, 14, 67, 3.2304029704533335
LABS, 14, 68, 3.2237639014122825
LABS, 14, 69, 3.1691274815548467
LABS, 14, 70, 3.3470237317560665
LABS, 14, 71, 3.104971065721091
LABS, 14, 72, 3.208199165187743
LABS, 14, 73, 3.3592724749904512
LABS, 14, 74, 3.1614166867704827
LABS, 14, 75, 3.16961588071043
LABS, 14, 76, 3.204884182589292
LABS, 14, 77, 3.1170923508051236
LABS, 14, 78, 3.2634843624806202
LABS, 14, 79, 3.2063410003206174
LABS, 14, 80, 3.346505062704252
LABS, 14, 81, 3.245492611760413
LABS, 14, 82, 3.1537841589962534
LABS, 14, 83, 3.2851186516258744
LABS, 14, 84, 3.217605666445233
LABS, 14, 85, 3.21053764972135
LABS, 14, 86, 3.2609677082544017
LABS, 14, 87, 3.2838157956591068
LABS, 14, 88, 3.2886982322477274
LABS, 14, 89, 3.2621166156760553
LABS, 14, 90, 3.4023311078754643
LABS, 14, 91, 3.165233707758637
LABS, 14, 92, 3.2858712916748636
LABS, 14, 93, 3.232388975986224
LABS, 14, 94, 3.4286458695266346
LABS, 14, 95, 3.3052895132564117
LABS, 14, 96, 3.0817165251959246
LABS, 14, 97, 3.378370618155124
LABS, 14, 98, 3.323867384512539
LABS, 14, 99, 3.314529339620967
LABS, 14, 100, 3.270375980998341
LABS, 14, 101, 3.3151298363744366
LABS, 14, 102, 3.2600360029091875
LABS, 14, 103, 3.287706938792315
LABS, 14, 104, 3.2110738038569537
LABS, 14, 105, 3.2641407900408446
LABS, 14, 106, 3.3956727599354792
LABS, 14, 107, 3.2875348599789973
LABS, 14, 108, 3.3088071344885472
LABS, 14, 109, 3.272178324183739
LABS, 14, 110, 3.2232891719562033
LABS, 14, 111, 3.230633594421844
LABS, 14, 112, 3.3444699713960317
LABS, 14, 113, 3.2781270896270613
LABS, 14, 114, 3.217525626889011
LABS, 14, 115, 3.3540804472068273
LABS, 14, 116, 3.2549307530236646
LABS, 14, 117, 3.1154681974329477
LABS, 14, 118, 3.363879788516585
LABS, 14, 119, 3.3456804718761433
LABS, 14, 120, 3.1958694685870146
LABS, 14, 121, 3.2849033656763167
LABS, 14, 122, 3.235985766622535
LABS, 14, 123, 3.1940573350317303
LABS, 14, 124, 3.3072949518440575
LABS, 14, 125, 3.2629776907944845
LABS, 14, 126, 3.464021832279998
LABS, 14, 127, 3.364724207017159
LABS, 14, 128, 3.19056459764606
LABS, 14, 129, 3.1814386480606003
LABS, 15, 15, 2.231688340816721
LABS, 15, 16, 2.2267951867557754
LABS, 15, 17, 2.417109607420227
LABS, 15, 18, 2.5552604928518035
LABS, 15, 19, 2.512267308037086
LABS, 15, 20, 2.719670199110104
LABS, 15, 21, 2.7615624509727335
LABS, 15, 22, 2.7521995322656125
LABS, 15, 23, 2.8135537298746334
LABS, 15, 24, 2.798842779022209
LABS, 15, 25, 2.8885459253317656
LABS, 15, 26, 2.841859429998359
LABS, 15, 27, 3.0458501309308508
LABS, 15, 28, 2.995502866689556
LABS, 15, 29, 3.0165781294434453
LABS, 15, 30, 3.023027217961507
LABS, 15, 31, 3.0043316359300953
LABS, 15, 32, 3.014113968894447
LABS, 15, 33, 3.1422029280688517
LABS, 15, 34, 2.9554809891566864
LABS, 15, 35, 3.1158325299728458
LABS, 15, 36, 3.203394925857835
LABS, 15, 37, 3.0189777712866595
LABS, 15, 38, 3.0052834952621237
LABS, 15, 39, 3.1070597035212772
LABS, 15, 40, 3.027540881155748
LABS, 15, 41, 3.1735082642742354
LABS, 15, 42, 3.133355690949498
LABS, 15, 43, 3.0586854529518765
LABS, 15, 44, 3.240521491153596
LABS, 15, 45, 3.209099242885332
LABS, 15, 46, 3.195969512417775
LABS, 15, 47, 3.2267644035706846
LABS, 15, 48, 3.133757113925991
LABS, 15, 49, 3.0985511375615307
LABS, 15, 50, 3.0420100933352616
LABS, 15, 51, 3.0593629261837876
LABS, 15, 52, 3.188636908395435
LABS, 15, 53, 3.0871270388991348
LABS, 15, 54, 3.2448516120932682
LABS, 15, 55, 3.1073960046359135
LABS, 15, 56, 3.193435286146425
LABS, 15, 57, 3.1991801424744075
LABS, 15, 58, 3.321621176264231
LABS, 15, 59, 3.09659079236168
LABS, 15, 60, 3.2393066359440352
LABS, 15, 61, 3.111208865215423
LABS, 15, 62, 3.27774284989989
LABS, 15, 63, 3.0663798956431325
LABS, 15, 64, 3.277970390456745
LABS, 15, 65, 3.2144463966567924
LABS, 15, 66, 3.2301776852146284
LABS, 15, 67, 3.292451077869431
LABS, 15, 68, 3.195968857547892
LABS, 15, 69, 3.1855421548961074
LABS, 15, 70, 3.2068043516605456
LABS, 15, 71, 3.2840638127054746
LABS, 15, 72, 3.1138553829639535
LABS, 15, 73, 3.4670613171120834
LABS, 15, 74, 3.0994897076112213
LABS, 15, 75, 3.12033033292043
LABS, 15, 76, 3.387406623579475
LABS, 15, 77, 3.094224582374415
LABS, 15, 78, 3.35207380679637
LABS, 15, 79, 3.2322066348692546
LABS, 15, 80, 3.3343673656659774
LABS, 15, 81, 3.1470242288642853
LABS, 15, 82, 3.2332154706968885
LABS, 15, 83, 3.2032586865230313
LABS, 15, 84, 3.4814774704772766
LABS, 15, 85, 3.295319903124129
LABS, 15, 86, 3.2617465229085796
LABS, 15, 87, 3.3254736456126404
LABS, 15, 88, 3.3484291676546905
LABS, 15, 89, 3.125630505597182
LABS, 15, 90, 3.183854577550874
LABS, 15, 91, 3.2042892766344897
LABS, 15, 92, 3.3485492379734105
LABS, 15, 93, 3.2967844535187547
LABS, 15, 94, 3.370067471788617
LABS, 15, 95, 3.390148024911332
LABS, 15, 96, 3.2098550024140335
LABS, 15, 97, 3.435269043829495
LABS, 15, 98, 3.4046427510992414
LABS, 15, 99, 3.2864070735812767
LABS, 15, 100, 3.325379606044345
LABS, 15, 101, 3.115552683636275
LABS, 15, 102, 3.357196075896028
LABS, 15, 103, 3.3102417047850303
LABS, 15, 104, 3.285481310240775
LABS, 15, 105, 3.2680141416899047
LABS, 15, 106, 3.2369494857484957
LABS, 15, 107, 3.323664754737062
LABS, 15, 108, 3.35281367636944
LABS, 15, 109, 3.304533281660855
LABS, 15, 110, 3.236393544136317
LABS, 15, 111, 3.3014065165913005
LABS, 15, 112, 3.3375592558720277
LABS, 15, 113, 3.2837445618158463
LABS, 15, 114, 3.451450964035535
LABS, 15, 115, 3.3116320407547795
LABS, 15, 116, 3.393335126997724
LABS, 15, 117, 3.293510375168892
LABS, 15, 118, 3.1910004160725705
LABS, 15, 119, 3.422515295107593
LABS, 15, 120, 3.3568592779448707
LABS, 15, 121, 3.549974852264538
LABS, 15, 122, 3.2903084735316703
LABS, 15, 123, 3.3129711705213674
LABS, 15, 124, 3.2896627864776278
LABS, 15, 125, 3.3665450768824314
LABS, 15, 126, 3.4075060322712276
LABS, 15, 127, 3.308756232472033
LABS, 15, 128, 3.2941174943871063
LABS, 15, 129, 3.32100238417271
LABS, 16, 16, 2.3306865810561086
LABS, 16, 17, 2.3905235602094757
LABS, 16, 18, 2.436850766086756
LABS, 16, 19, 2.5802609176304463
LABS, 16, 20, 2.58297231819481
LABS, 16, 21, 2.717899326322023
LABS, 16, 22, 2.7420639033739613
LABS, 16, 23, 2.7280387297073365
LABS, 16, 24, 2.8357647614708847
LABS, 16, 25, 2.82719989707149
LABS, 16, 26, 2.8821970751644983
LABS, 16, 27, 2.8173115589020608
LABS, 16, 28, 2.876983308251773
LABS, 16, 29, 2.9116767726745265
LABS, 16, 30, 3.039988541034371
LABS, 16, 31, 2.861161288702089
LABS, 16, 32, 3.0474904289029316
LABS, 16, 33, 3.1361452328320896
LABS, 16, 34, 2.877453105705453
LABS, 16, 35, 3.0144340534339777
LABS, 16, 36, 3.0463974171199837
LABS, 16, 37, 3.024893733205457
LABS, 16, 38, 3.028906442197182
LABS, 16, 39, 3.0494867470909273
LABS, 16, 40, 3.017436799201472
LABS, 16, 41, 3.062715691654417
LABS, 16, 42, 2.9716863123322037
LABS, 16, 43, 3.199034459360958
LABS, 16, 44, 3.1317211292348763
LABS, 16, 45, 3.1896924446090567
LABS, 16, 46, 3.1866738818533573
LABS, 16, 47, 3.217708746201315
LABS, 16, 48, 3.1960330946366877
LABS, 16, 49, 3.1019937117172907
LABS, 16, 50, 3.2481084170078853
LABS, 16, 51, 3.100853105166386
LABS, 16, 52, 3.2479896605685523
LABS, 16, 53, 3.1692811012205135
LABS, 16, 54, 3.245776726490873
LABS, 16, 55, 3.3564297486661694
LABS, 16, 56, 3.21982517615371
LABS, 16, 57, 3.1547489716189174
IsingRing, 2, 2, 26.5
IsingRing, 2, 3, 30.5
IsingRing, 2, 4, 30.3
IsingRing, 2, 5, 32.8
IsingRing, 2, 6, 32.6
IsingRing, 2, 7, 30.5
IsingRing, 2, 8, 32.5
IsingRing, 2, 9, 32.6
IsingRing, 2, 10, 31.9
IsingRing, 2, 11, 34.1
IsingRing, 2, 12, 33.1
IsingRing, 2, 13, 32.9
IsingRing, 2, 14, 33.1
IsingRing, 2, 15, 34.2
IsingRing, 2, 16, 32.6
IsingRing, 2, 17, 34.1
IsingRing, 2, 18, 34.3
IsingRing, 2, 19, 33.6
IsingRing, 2, 20, 34.2
IsingRing, 2, 21, 33.1
IsingRing, 2, 22, 34.1
IsingRing, 2, 23, 34.3
IsingRing, 2, 24, 34.9
IsingRing, 2, 25, 34.6
IsingRing, 2, 26, 33.9
IsingRing, 2, 27, 33.0
IsingRing, 2, 28, 34.0
IsingRing, 2, 29, 34.4
IsingRing, 2, 30, 35.1
IsingRing, 2, 31, 34.4
IsingRing, 2, 32, 33.7
IsingRing, 2, 33, 35.5
IsingRing, 2, 34, 34.7
IsingRing, 2, 35, 34.6
IsingRing, 2, 36, 34.6
IsingRing, 2, 37, 34.1
IsingRing, 2, 38, 35.1
IsingRing, 2, 39, 34.3
IsingRing, 2, 40, 33.6
IsingRing, 2, 41, 34.2
IsingRing, 2, 42, 34.1
IsingRing, 2, 43, 36.3
IsingRing, 2, 44, 34.4
IsingRing, 2, 45, 35.4
IsingRing, 2, 46, 34.4
IsingRing, 2, 47, 35.5
IsingRing, 2, 48, 34.7
IsingRing, 2, 49, 33.8
IsingRing, 2, 50, 34.7
IsingRing, 2, 51, 35.1
IsingRing, 2, 52, 34.7
IsingRing, 2, 53, 35.1
IsingRing, 2, 54, 34.3
IsingRing, 2, 55, 35.1
IsingRing, 2, 56, 35.9
IsingRing, 2, 57, 34.3
IsingRing, 2, 58, 34.3
IsingRing, 2, 59, 35.1
IsingRing, 2, 60, 36.5
IsingRing, 2, 61, 35.0
IsingRing, 2, 62, 34.9
IsingRing, 2, 63, 34.6
IsingRing, 2, 64, 34.5
IsingRing, 2, 65, 35.6
IsingRing, 2, 66, 35.3
IsingRing, 2, 67, 35.7
IsingRing, 2, 68, 34.3
IsingRing, 2, 69, 35.0
IsingRing, 2, 70, 35.1
IsingRing, 2, 71, 35.7
IsingRing, 2, 72, 36.4
IsingRing, 2, 73, 35.0
IsingRing, 2, 74, 34.9
IsingRing, 2, 75, 35.9
IsingRing, 2, 76, 36.2
IsingRing, 2, 77, 35.5
IsingRing, 2, 78, 34.4
IsingRing, 2, 79, 35.5
IsingRing, 2, 80, 35.7
IsingRing, 2, 81, 35.3
IsingRing, 2, 82, 34.5
IsingRing, 2, 83, 34.3
IsingRing, 2, 84, 34.8
IsingRing, 2, 85, 35.0
IsingRing, 2, 86, 34.9
IsingRing, 2, 87, 36.4
IsingRing, 2, 88, 35.4
IsingRing, 2, 89, 36.0
IsingRing, 2, 90, 35.8
IsingRing, 2, 91, 35.5
IsingRing, 2, 92, 33.1
IsingRing, 2, 93, 35.3
IsingRing, 2, 94, 35.1
IsingRing, 2, 95, 35.1
IsingRing, 2, 96, 34.3
IsingRing, 2, 97, 35.7
IsingRing, 2, 98, 36.2
IsingRing, 2, 99, 36.9
IsingRing, 2, 100, 35.0
IsingRing, 2, 101, 35.3
IsingRing, 2, 102, 35.4
IsingRing, 2, 103, 35.8
IsingRing, 2, 104, 35.9
IsingRing, 2, 105, 35.2
IsingRing, 2, 106, 36.1
IsingRing, 2, 107, 34.8
IsingRing, 2, 108, 36.5
IsingRing, 2, 109, 34.6
IsingRing, 2, 110, 35.4
IsingRing, 2, 111, 34.5
IsingRing, 2, 112, 35.6
IsingRing, 2, 113, 35.5
IsingRing, 2, 114, 35.2
IsingRing, 2, 115, 36.9
IsingRing, 2, 116, 35.9
IsingRing, 2, 117, 35.8
IsingRing, 2, 118, 35.0
IsingRing, 2, 119, 36.6
IsingRing, 2, 120, 36.0
IsingRing, 2, 121, 34.9
IsingRing, 2, 122, 35.5
IsingRing, 2, 123, 34.8
IsingRing, 2, 124, 36.0
IsingRing, 2, 125, 36.2
IsingRing, 2, 126, 35.7
IsingRing, 2, 127, 35.5
IsingRing, 2, 128, 35.7
IsingRing, 2, 129, 36.3
IsingRing, 3, 3, 29.6
IsingRing, 3, 4, 29.6
IsingRing, 3, 5, 31.5
IsingRing, 3, 6, 32.3
IsingRing, 3, 7, 33.2
IsingRing, 3, 8, 34.2
IsingRing, 3, 9, 34.3
IsingRing, 3, 10, 34.4
IsingRing, 3, 11, 35.6
IsingRing, 3, 12, 34.2
IsingRing, 3, 13, 35.7
IsingRing, 3, 14, 35.6
IsingRing, 3, 15, 35.9
IsingRing, 3, 16, 36.4
IsingRing, 3, 17, 35.9
IsingRing, 3, 18, 36.6
IsingRing, 3, 19, 36.6
IsingRing, 3, 20, 35.7
IsingRing, 3, 21, 36.7
IsingRing, 3, 22, 37.3
IsingRing, 3, 23, 35.5
IsingRing, 3, 24, 37.2
IsingRing, 3, 25, 37.6
IsingRing, 3, 26, 36.3
IsingRing, 3, 27, 37.0
IsingRing, 3, 28, 36.6
IsingRing, 3, 29, 37.8
IsingRing, 3, 30, 37.6
IsingRing, 3, 31, 37.7
IsingRing, 3, 32, 37.3
IsingRing, 3, 33, 36.8
IsingRing, 3, 34, 37.2
IsingRing, 3, 35, 36.9
IsingRing, 3, 36, 38.3
IsingRing, 3, 37, 36.9
IsingRing, 3, 38, 37.7
IsingRing, 3, 39, 37.6
IsingRing, 3, 40, 37.1
IsingRing, 3, 41, 37.0
IsingRing, 3, 42, 37.5
IsingRing, 3, 43, 38.2
IsingRing, 3, 44, 37.9
IsingRing, 3, 45, 38.8
IsingRing, 3, 46, 37.6
IsingRing, 3, 47, 37.9
IsingRing, 3, 48, 38.5
IsingRing, 3, 49, 38.1
IsingRing, 3, 50, 38.2
IsingRing, 3, 51, 36.8
IsingRing, 3, 52, 37.5
IsingRing, 3, 53, 38.4
IsingRing, 3, 54, 37.3
IsingRing, 3, 55, 38.0
IsingRing, 3, 56, 37.2
IsingRing, 3, 57, 38.0
IsingRing, 3, 58, 38.0
IsingRing, 3, 59, 37.9
IsingRing, 3, 60, 38.9
IsingRing, 3, 61, 37.4
IsingRing, 3, 62, 38.2
IsingRing, 3, 63, 37.7
IsingRing, 3, 64, 38.9
IsingRing, 3, 65, 37.4
IsingRing, 3, 66, 38.2
IsingRing, 3, 67, 38.3
IsingRing, 3, 68, 37.1
IsingRing, 3, 69, 37.9
IsingRing, 3, 70, 38.0
IsingRing, 3, 71, 38.4
IsingRing, 3, 72, 38.5
IsingRing, 3, 73, 38.8
IsingRing, 3, 74, 38.5
IsingRing, 3, 75, 38.8
IsingRing, 3, 76, 38.3
IsingRing, 3, 77, 37.8
IsingRing, 3, 78, 37.0
IsingRing, 3, 79, 38.5
IsingRing, 3, 80, 37.8
IsingRing, 3, 81, 38.3
IsingRing, 3, 82, 39.1
IsingRing, 3, 83, 38.5
IsingRing, 3, 84, 37.9
IsingRing, 3, 85, 37.7
IsingRing, 3, 86, 39.0
IsingRing, 3, 87, 38.2
IsingRing, 3, 88, 38.8
IsingRing, 3, 89, 37.9
IsingRing, 3, 90, 38.9
IsingRing, 3, 91, 38.2
IsingRing, 3, 92, 38.1
IsingRing, 3, 93, 38.7
IsingRing, 3, 94, 39.2
IsingRing, 3, 95, 38.8
IsingRing, 3, 96, 39.0
IsingRing, 3, 97, 38.4
IsingRing, 3, 98, 38.7
IsingRing, 3, 99, 38.3
IsingRing, 3, 100, 38.4
IsingRing, 3, 101, 38.5
IsingRing, 3, 102, 38.4
IsingRing, 3, 103, 38.7
IsingRing, 3, 104, 39.4
IsingRing, 3, 105, 38.4
IsingRing, 3, 106, 39.5
IsingRing, 3, 107, 38.9
IsingRing, 3, 108, 37.6
IsingRing, 3, 109, 38.0
IsingRing, 3, 110, 38.0
IsingRing, 3, 111, 37.4
IsingRing, 3, 112, 38.6
IsingRing, 3, 113, 39.6
IsingRing, 3, 114, 37.9
IsingRing, 3, 115, 37.9
IsingRing, 3, 116, 38.3
IsingRing, 3, 117, 37.8
IsingRing, 3, 118, 38.5
IsingRing, 3, 119, 38.1
IsingRing, 3, 120, 38.9
IsingRing, 3, 121, 38.3
IsingRing, 3, 122, 39.0
IsingRing, 3, 123, 39.8
IsingRing, 3, 124, 39.3
IsingRing, 3, 125, 38.9
IsingRing, 3, 126, 38.3
IsingRing, 3, 127, 38.9
IsingRing, 3, 128, 37.7
IsingRing, 3, 129, 39.2
IsingRing, 4, 4, 31.4
IsingRing, 4, 5, 32.7
IsingRing, 4, 6, 32.2
IsingRing, 4, 7, 33.0
IsingRing, 4, 8, 34.3
IsingRing, 4, 9, 36.2
IsingRing, 4, 10, 35.7
IsingRing, 4, 11, 35.9
IsingRing, 4, 12, 36.2
IsingRing, 4, 13, 35.5
IsingRing, 4, 14, 37.9
IsingRing, 4, 15, 37.1
IsingRing, 4, 16, 37.2
IsingRing, 4, 17, 37.9
IsingRing, 4, 18, 37.7
IsingRing, 4, 19, 37.7
IsingRing, 4, 20, 37.8
IsingRing, 4, 21, 37.4
IsingRing, 4, 22, 37.3
IsingRing, 4, 23, 38.1
IsingRing, 4, 24, 38.1
IsingRing, 4, 25, 38.6
IsingRing, 4, 26, 38.7
IsingRing, 4, 27, 38.2
IsingRing, 4, 28, 39.3
IsingRing, 4, 29, 38.0
IsingRing, 4, 30, 39.0
IsingRing, 4, 31, 38.8
IsingRing, 4, 32, 37.8
IsingRing, 4, 33, 38.8
IsingRing, 4, 34, 38.8
IsingRing, 4, 35, 39.2
IsingRing, 4, 36, 39.6
IsingRing, 4, 37, 38.7
IsingRing, 4, 38, 39.0
IsingRing, 4, 39, 38.3
IsingRing, 4, 40, 39.0
IsingRing, 4, 41, 39.4
IsingRing, 4, 42, 39.0
IsingRing, 4, 43, 38.6
IsingRing, 4, 44, 38.5
IsingRing, 4, 45, 39.5
IsingRing, 4, 46, 38.4
IsingRing, 4, 47, 39.8
IsingRing, 4, 48, 39.5
IsingRing, 4, 49, 38.6
IsingRing, 4, 50, 39.0
IsingRing, 4, 51, 39.5
IsingRing, 4, 52, 39.7
IsingRing, 4, 53, 40.0
IsingRing, 4, 54, 39.5
IsingRing, 4, 55, 39.9
IsingRing, 4, 56, 39.2
IsingRing, 4, 57, 40.7
IsingRing, 4, 58, 39.3
IsingRing, 4, 59, 38.6
IsingRing, 4, 60, 39.3
IsingRing, 4, 61, 39.2
IsingRing, 4, 62, 40.4
IsingRing, 4, 63, 39.6
IsingRing, 4, 64, 40.2
IsingRing, 4, 65, 39.7
IsingRing, 4, 66, 39.5
IsingRing, 4, 67, 39.6
IsingRing, 4, 68, 39.5
IsingRing, 4, 69, 39.9
IsingRing, 4, 70, 39.2
IsingRing, 4, 71, 40.5
IsingRing, 4, 72, 39.3
IsingRing, 4, 73, 39.4
IsingRing, 4, 74, 38.7
IsingRing, 4, 75, 39.4
IsingRing, 4, 76, 40.0
IsingRing, 4, 77, 39.6
IsingRing, 4, 78, 40.3
IsingRing, 4, 79, 40.1
IsingRing, 4, 80, 39.7
IsingRing, 4, 81, 40.1
IsingRing, 4, 82, 39.5
IsingRing, 4, 83, 39.9
IsingRing, 4, 84, 40.6
IsingRing, 4, 85, 40.6
IsingRing, 4, 86, 40.0
IsingRing, 4, 87, 39.4
IsingRing, 4, 88, 39.1
IsingRing, 4, 89, 40.2
IsingRing, 4, 90, 40.8
IsingRing, 4, 91, 40.0
IsingRing, 4, 92, 41.0
IsingRing, 4, 93, 40.6
IsingRing, 4, 94, 39.9
IsingRing, 4, 95, 41.1
IsingRing, 4, 96, 40.5
IsingRing, 4, 97, 40.8
IsingRing, 4, 98, 40.9
IsingRing, 4, 99, 40.1
IsingRing, 4, 100, 40.6
IsingRing, 4, 101, 40.4
IsingRing, 4, 102, 40.0
IsingRing, 4, 103, 39.2
IsingRing, 4, 104, 39.4
IsingRing, 4, 105, 40.1
IsingRing, 4, 106, 40.2
IsingRing, 4, 107, 39.6
IsingRing, 4, 108, 39.8
IsingRing, 4, 109, 40.1
IsingRing, 4, 110, 40.0
IsingRing, 4, 111, 39.7
IsingRing, 4, 112, 39.4
IsingRing, 4, 113, 40.6
IsingRing, 4, 114, 39.9
IsingRing, 4, 115, 40.2
IsingRing, 4, 116, 39.8
IsingRing, 4, 117, 40.0
IsingRing, 4, 118, 39.9
IsingRing, 4, 119, 40.4
IsingRing, 4, 120, 40.1
IsingRing, 4, 121, 40.1
IsingRing, 4, 122, 39.7
IsingRing, 4, 123, 40.1
IsingRing, 4, 124, 40.7
IsingRing, 4, 125, 39.9
IsingRing, 4, 126, 40.5
IsingRing, 4, 127, 40.2
IsingRing, 4, 128, 40.1
IsingRing, 4, 129, 40.6
IsingRing, 5, 5, 30.7
IsingRing, 5, 6, 32.6
IsingRing, 5, 7, 34.0
IsingRing, 5, 8, 34.7
IsingRing, 5, 9, 35.3
IsingRing, 5, 10, 37.0
IsingRing, 5, 11, 36.6
IsingRing, 5, 12, 37.1
IsingRing, 5, 13, 37.0
IsingRing, 5, 14, 38.3
IsingRing, 5, 15, 37.1
IsingRing, 5, 16, 38.5
IsingRing, 5, 17, 38.4
IsingRing, 5, 18, 38.5
IsingRing, 5, 19, 38.7
IsingRing, 5, 20, 37.8
IsingRing, 5, 21, 38.9
IsingRing, 5, 22, 38.1
IsingRing, 5, 23, 39.7
IsingRing, 5, 24, 39.0
IsingRing, 5, 25, 39.8
IsingRing, 5, 26, 39.3
IsingRing, 5, 27, 39.4
IsingRing, 5, 28, 39.5
IsingRing, 5, 29, 40.2
IsingRing, 5, 30, 39.7
IsingRing, 5, 31, 39.3
IsingRing, 5, 32, 39.9
IsingRing, 5, 33, 39.3
IsingRing, 5, 34, 40.2
IsingRing, 5, 35, 40.3
IsingRing, 5, 36, 39.6
IsingRing, 5, 37, 40.3
IsingRing, 5, 38, 40.0
IsingRing, 5, 39, 39.2
IsingRing, 5, 40, 39.1
IsingRing, 5, 41, 40.2
IsingRing, 5, 42, 40.7
IsingRing, 5, 43, 39.7
IsingRing, 5, 44, 40.2
IsingRing, 5, 45, 39.8
IsingRing, 5, 46, 39.4
IsingRing, 5, 47, 40.5
IsingRing, 5, 48, 40.0
IsingRing, 5, 49, 41.0
IsingRing, 5, 50, 41.0
IsingRing, 5, 51, 40.5
IsingRing, 5, 52, 40.9
IsingRing, 5, 53, 41.4
IsingRing, 5, 54, 40.7
IsingRing, 5, 55, 39.5
IsingRing, 5, 56, 40.7
IsingRing, 5, 57, 40.3
IsingRing, 5, 58, 41.1
IsingRing, 5, 59, 41.2
IsingRing, 5, 60, 41.2
IsingRing, 5, 61, 40.9
IsingRing, 5, 62, 40.7
IsingRing, 5, 63, 40.5
IsingRing, 5, 64, 41.0
IsingRing, 5, 65, 40.3
IsingRing, 5, 66, 40.3
IsingRing, 5, 67, 40.9
IsingRing, 5, 68, 40.8
IsingRing, 5, 69, 41.1
IsingRing, 5, 70, 40.5
IsingRing, 5, 71, 41.2
IsingRing, 5, 72, 42.1
IsingRing, 5, 73, 41.3
IsingRing, 5, 74, 41.2
IsingRing, 5, 75, 40.9
IsingRing, 5, 76, 41.7
IsingRing, 5, 77, 41.8
IsingRing, 5, 78, 40.8
IsingRing, 5, 79, 41.2
IsingRing, 5, 80, 40.8
IsingRing, 5, 81, 41.2
IsingRing, 5, 82, 41.1
IsingRing, 5, 83, 40.8
IsingRing, 5, 84, 40.5
IsingRing, 5, 85, 40.4
IsingRing, 5, 86, 40.8
IsingRing, 5, 87, 41.4
IsingRing, 5, 88, 41.5
IsingRing, 5, 89, 41.3
IsingRing, 5, 90, 40.4
IsingRing, 5, 91, 41.0
IsingRing, 5, 92, 41.0
IsingRing, 5, 93, 40.3
IsingRing, 5, 94, 41.5
IsingRing, 5, 95, 40.5
IsingRing, 5, 96, 41.9
IsingRing, 5, 97, 41.4
IsingRing, 5, 98, 42.2
IsingRing, 5, 99, 40.9
IsingRing, 5, 100, 42.0
IsingRing, 5, 101, 41.4
IsingRing, 5, 102, 40.6
IsingRing, 5, 103, 41.5
IsingRing, 5, 104, 40.9
IsingRing, 5, 105, 42.0
IsingRing, 5, 106, 41.2
IsingRing, 5, 107, 41.8
IsingRing, 5, 108, 40.8
IsingRing, 5, 109, 41.1
IsingRing, 5, 110, 40.6
IsingRing, 5, 111, 41.8
IsingRing, 5, 112, 40.8
IsingRing, 5, 113, 41.3
IsingRing, 5, 114, 41.0
IsingRing, 5, 115, 40.9
IsingRing, 5, 116, 40.9
IsingRing, 5, 117, 41.3
IsingRing, 5, 118, 41.5
IsingRing, 5, 119, 40.7
IsingRing, 5, 120, 41.6
IsingRing, 5, 121, 41.2
IsingRing, 5, 122, 41.6
IsingRing, 5, 123, 40.7
