evaluations raw_y
1 34.0000000000
256 36.0000000000
3454 38.0000000000
5000 22.0000000000
evaluations raw_y
1 28.0000000000
2 30.0000000000
25 32.0000000000
66 34.0000000000
599 36.0000000000
4471 38.0000000000
5000 32.0000000000
evaluations raw_y
1 16.0000000000
2 26.0000000000
4 28.0000000000
24 34.0000000000
283 38.0000000000
5000 26.0000000000
evaluations raw_y
1 28.0000000000
36 32.0000000000
321 34.0000000000
1654 36.0000000000
1886 38.0000000000
5000 26.0000000000
evaluations raw_y
1 28.0000000000
8 32.0000000000
39 34.0000000000
581 36.0000000000
2418 38.0000000000
5000 28.0000000000
evaluations raw_y
1 22.0000000000
3 30.0000000000
11 34.0000000000
97 38.0000000000
5000 26.0000000000
evaluations raw_y
1 26.0000000000
4 28.0000000000
5 30.0000000000
42 32.0000000000
69 34.0000000000
815 36.0000000000
2345 38.0000000000
5000 22.0000000000
evaluations raw_y
1 22.0000000000
2 24.0000000000
3 32.0000000000
33 36.0000000000
5000 22.0000000000
evaluations raw_y
1 26.0000000000
3 28.0000000000
7 30.0000000000
24 34.0000000000
1404 36.0000000000
5000 26.0000000000
evaluations raw_y
1 26.0000000000
6 28.0000000000
20 30.0000000000
32 32.0000000000
53 34.0000000000
770 36.0000000000
5000 24.0000000000
evaluations raw_y
1 22.0000000000
2 30.0000000000
4 32.0000000000
35 38.0000000000
5000 18.0000000000
evaluations raw_y
1 22.0000000000
4 24.0000000000
5 26.0000000000
8 30.0000000000
70 32.0000000000
227 34.0000000000
549 36.0000000000
5000 24.0000000000
evaluations raw_y
1 18.0000000000
2 26.0000000000
5 28.0000000000
9 32.0000000000
51 34.0000000000
73 36.0000000000
2961 40.0000000000
5000 26.0000000000
evaluations raw_y
1 26.0000000000
2 30.0000000000
24 32.0000000000
61 34.0000000000
1199 36.0000000000
3797 38.0000000000
5000 30.0000000000
evaluations raw_y
1 24.0000000000
2 28.0000000000
4 34.0000000000
612 36.0000000000
881 40.0000000000
5000 28.0000000000
evaluations raw_y
1 32.0000000000
106 34.0000000000
182 36.0000000000
5000 24.0000000000
evaluations raw_y
1 18.0000000000
2 28.0000000000
3 30.0000000000
65 32.0000000000
139 34.0000000000
558 36.0000000000
2999 38.0000000000
5000 26.0000000000
evaluations raw_y
1 28.0000000000
3 34.0000000000
959 38.0000000000
2471 40.0000000000
5000 26.0000000000
evaluations raw_y
1 24.0000000000
2 26.0000000000
3 28.0000000000
9 30.0000000000
37 32.0000000000
115 34.0000000000
614 38.0000000000
5000 30.0000000000
evaluations raw_y
1 20.0000000000
2 28.0000000000
18 30.0000000000
52 32.0000000000
151 34.0000000000
1763 36.0000000000
5000 20.0000000000
evaluations raw_y
1 26.0000000000
3 28.0000000000
11 30.0000000000
16 32.0000000000
67 34.0000000000
111 36.0000000000
1099 38.0000000000
5000 18.0000000000
evaluations raw_y
1 20.0000000000
2 22.0000000000
4 30.0000000000
24 32.0000000000
177 34.0000000000
1133 36.0000000000
2919 38.0000000000
5000 26.0000000000
evaluations raw_y
1 22.0000000000
2 28.0000000000
15 30.0000000000
16 32.0000000000
78 34.0000000000
147 36.0000000000
4539 38.0000000000
5000 30.0000000000
evaluations raw_y
1 20.0000000000
2 26.0000000000
5 30.0000000000
30 32.0000000000
45 34.0000000000
361 36.0000000000
3759 38.0000000000
5000 28.0000000000
evaluations raw_y
1 26.0000000000
2 28.0000000000
6 30.0000000000
14 32.0000000000
294 36.0000000000
3249 38.0000000000
5000 26.0000000000
evaluations raw_y
1 26.0000000000
2 32.0000000000
176 34.0000000000
219 36.0000000000
2155 38.0000000000
5000 22.0000000000
evaluations raw_y
1 16.0000000000
2 24.0000000000
3 30.0000000000
21 32.0000000000
99 34.0000000000
493 36.0000000000
3939 38.0000000000
5000 24.0000000000
evaluations raw_y
1 30.0000000000
24 34.0000000000
145 36.0000000000
4678 38.0000000000
5000 24.0000000000
evaluations raw_y
1 28.0000000000
15 30.0000000000
47 34.0000000000
695 36.0000000000
733 38.0000000000
5000 24.0000000000
evaluations raw_y
1 28.0000000000
5 30.0000000000
14 32.0000000000
47 34.0000000000
519 36.0000000000
2392 38.0000000000
5000 24.0000000000
