evaluations raw_y
1 28.0000000000
7 30.0000000000
13 32.0000000000
23 34.0000000000
154 36.0000000000
198 38.0000000000
296 40.0000000000
5096 40.0000000000
evaluations raw_y
1 22.0000000000
4 26.0000000000
9 28.0000000000
10 34.0000000000
101 36.0000000000
102 38.0000000000
146 42.0000000000
5096 42.0000000000
evaluations raw_y
1 22.0000000000
2 26.0000000000
3 28.0000000000
6 32.0000000000
48 34.0000000000
199 36.0000000000
302 38.0000000000
5096 38.0000000000
evaluations raw_y
1 22.0000000000
2 24.0000000000
4 26.0000000000
6 32.0000000000
20 34.0000000000
99 36.0000000000
134 38.0000000000
258 40.0000000000
5096 40.0000000000
evaluations raw_y
1 20.0000000000
2 24.0000000000
3 26.0000000000
7 28.0000000000
13 30.0000000000
15 34.0000000000
122 36.0000000000
201 38.0000000000
309 40.0000000000
406 42.0000000000
5096 42.0000000000
evaluations raw_y
1 28.0000000000
20 34.0000000000
168 40.0000000000
315 42.0000000000
416 44.0000000000
5096 44.0000000000
evaluations raw_y
1 26.0000000000
4 28.0000000000
11 32.0000000000
125 34.0000000000
201 36.0000000000
296 38.0000000000
5096 38.0000000000
evaluations raw_y
1 28.0000000000
2 30.0000000000
6 32.0000000000
116 34.0000000000
154 40.0000000000
5096 40.0000000000
evaluations raw_y
1 30.0000000000
26 32.0000000000
101 34.0000000000
153 36.0000000000
181 38.0000000000
307 40.0000000000
470 42.0000000000
5096 42.0000000000
evaluations raw_y
1 28.0000000000
20 32.0000000000
57 34.0000000000
161 36.0000000000
163 38.0000000000
383 40.0000000000
5096 40.0000000000
evaluations raw_y
1 24.0000000000
5 28.0000000000
9 30.0000000000
11 32.0000000000
18 34.0000000000
102 36.0000000000
143 38.0000000000
216 40.0000000000
268 42.0000000000
296 44.0000000000
5096 44.0000000000
evaluations raw_y
1 26.0000000000
2 28.0000000000
14 30.0000000000
123 32.0000000000
186 34.0000000000
212 36.0000000000
335 38.0000000000
5096 38.0000000000
evaluations raw_y
1 30.0000000000
18 34.0000000000
132 36.0000000000
163 38.0000000000
5096 38.0000000000
evaluations raw_y
1 24.0000000000
4 28.0000000000
8 30.0000000000
29 32.0000000000
99 34.0000000000
145 36.0000000000
192 38.0000000000
213 40.0000000000
317 42.0000000000
323 44.0000000000
405 46.0000000000
5096 46.0000000000
evaluations raw_y
1 26.0000000000
2 30.0000000000
22 32.0000000000
107 34.0000000000
170 36.0000000000
266 38.0000000000
399 40.0000000000
5096 40.0000000000
evaluations raw_y
1 18.0000000000
2 30.0000000000
33 32.0000000000
65 34.0000000000
102 36.0000000000
5096 36.0000000000
evaluations raw_y
1 24.0000000000
2 28.0000000000
42 30.0000000000
105 32.0000000000
112 34.0000000000
200 36.0000000000
236 38.0000000000
382 40.0000000000
5096 40.0000000000
evaluations raw_y
1 24.0000000000
6 30.0000000000
40 32.0000000000
68 34.0000000000
106 36.0000000000
187 38.0000000000
224 40.0000000000
296 42.0000000000
393 44.0000000000
5096 44.0000000000
evaluations raw_y
1 16.0000000000
2 24.0000000000
7 26.0000000000
9 30.0000000000
24 34.0000000000
30 36.0000000000
101 38.0000000000
131 40.0000000000
205 42.0000000000
5096 42.0000000000
evaluations raw_y
1 28.0000000000
9 30.0000000000
66 32.0000000000
108 34.0000000000
117 36.0000000000
159 38.0000000000
198 40.0000000000
296 42.0000000000
341 44.0000000000
5096 44.0000000000
