evaluations raw_y
1 1.5762925599
4 1.6778523490
6 1.7730496454
7 1.9747235387
8 2.2935779817
9 2.5987525988
52 2.8868360277
5000 2.2603978300
evaluations raw_y
1 1.0548523207
2 1.1150758252
4 1.3455328310
8 1.4863258026
10 1.6425755585
14 1.6960651289
15 1.7531556802
19 2.2281639929
22 2.6881720430
24 2.8344671202
64 3.7091988131
138 3.9936102236
667 4.4483985765
5000 3.1806615776
evaluations raw_y
1 1.1825922422
2 1.2794268168
3 1.4060742407
6 1.9025875190
13 1.9500780031
15 2.1663778163
22 2.6427061311
47 2.6881720430
75 2.7839643653
76 2.8344671202
118 2.9411764706
210 3.2467532468
222 3.5410764873
248 3.6231884058
249 3.7091988131
268 3.8940809969
320 3.9936102236
5000 2.9976019185
evaluations raw_y
1 1.4450867052
8 1.4585764294
9 1.5605493134
19 1.6087516088
20 2.1663778163
29 2.2281639929
32 2.2935779817
33 2.4366471735
34 2.5150905433
36 2.7839643653
59 2.9411764706
5000 2.1968365554
evaluations raw_y
1 1.1825922422
6 1.2100677638
9 1.4318442153
21 1.4723203769
23 1.5299877601
25 1.9260400616
28 2.0259319287
29 2.3992322457
35 2.4366471735
37 2.5150905433
90 2.5987525988
172 2.7839643653
221 2.8344671202
234 3.1172069825
251 3.1806615776
297 3.3156498674
5000 2.5150905433
evaluations raw_y
1 0.7846829881
3 0.8132726090
4 0.8532423208
6 0.8871540099
7 1.0137875101
8 1.0841283608
9 1.1825922422
12 1.2007684918
14 1.2690355330
15 1.3691128149
19 1.6425755585
20 1.6600265604
23 1.8573551263
25 2.0798668885
26 2.1663778163
32 2.6427061311
72 2.7839643653
117 3.0562347188
293 3.2467532468
5000 2.5562372188
evaluations raw_y
1 0.9462528388
2 1.2007684918
3 1.4318442153
6 1.5762925599
14 1.7730496454
18 1.8142235123
19 1.8355359765
25 1.9260400616
43 2.1079258010
56 2.5987525988
59 2.7839643653
110 2.9411764706
139 3.6231884058
142 3.7993920973
5000 2.6881720430
evaluations raw_y
1 0.7436049970
2 0.7768800497
3 1.1394712853
5 1.1478420569
10 1.3691128149
12 1.4585764294
13 1.6778523490
14 1.8142235123
24 1.9500780031
28 2.0259319287
36 2.1367521368
39 2.2281639929
45 2.5562372188
51 2.6881720430
70 2.7352297593
77 2.8868360277
5000 1.9500780031
evaluations raw_y
1 0.7886435331
2 0.9025270758
3 1.0072522160
4 1.2487512488
6 1.3116474292
12 1.4060742407
14 1.7146776406
21 2.4752475248
29 2.5987525988
54 2.7352297593
56 2.7839643653
82 2.8344671202
93 3.1806615776
115 3.3156498674
124 3.9936102236
5000 2.7352297593
evaluations raw_y
1 1.1916110582
4 1.2100677638
5 1.2690355330
8 1.4318442153
9 1.4450867052
13 1.6087516088
14 1.7730496454
20 2.3992322457
41 2.8868360277
51 3.3156498674
68 3.3875338753
106 3.8940809969
198 4.2087542088
5000 2.5987525988
evaluations raw_y
1 1.0993843448
3 1.1230907457
4 1.1312217195
11 1.5006002401
12 1.7934002869
13 1.9025875190
17 2.0798668885
21 2.2603978300
27 2.2935779817
35 2.3992322457
36 2.5562372188
54 2.6427061311
72 2.8344671202
76 2.8868360277
79 2.9976019185
121 3.7993920973
5000 2.6427061311
evaluations raw_y
1 0.9405568096
2 0.9637625289
5 1.0008006405
6 1.1825922422
9 1.2195121951
17 1.2588116818
20 1.5151515152
21 1.6425755585
28 1.6778523490
31 1.7730496454
36 2.3629489603
51 2.9976019185
275 3.3875338753
279 3.5410764873
5000 3.3875338753
evaluations raw_y
1 0.9881422925
2 1.1737089202
4 1.3935340022
5 1.5762925599
6 2.0525451560
41 2.2935779817
54 2.3992322457
66 2.5150905433
70 2.6427061311
71 3.1806615776
5000 1.9747235387
evaluations raw_y
1 1.8355359765
4 1.9260400616
5 1.9500780031
11 2.1663778163
18 2.2935779817
23 2.4366471735
27 2.7839643653
28 2.9976019185
31 3.5410764873
43 3.7993920973
81 4.2087542088
5000 2.8868360277
evaluations raw_y
1 0.7580351728
4 0.9405568096
6 1.0271158587
8 1.2007684918
11 1.6254876463
18 1.8573551263
27 1.9025875190
29 2.1367521368
31 2.4366471735
39 2.5150905433
43 2.7352297593
54 2.8344671202
131 3.0562347188
166 3.7091988131
177 4.0983606557
180 4.3252595156
5000 2.8344671202
evaluations raw_y
1 0.9697439876
3 1.0008006405
6 1.0766580534
8 1.1478420569
9 1.2487512488
11 1.2588116818
13 1.8355359765
17 1.9500780031
19 2.1367521368
27 2.3629489603
30 2.4366471735
31 2.4752475248
76 2.5987525988
98 2.8868360277
101 3.3875338753
129 4.2087542088
5000 2.8344671202
evaluations raw_y
1 1.2487512488
3 1.2899896801
5 1.4863258026
7 1.6254876463
9 1.9260400616
14 2.2603978300
17 2.3277467412
21 2.6427061311
35 2.8868360277
69 2.9976019185
107 3.0562347188
121 3.1172069825
131 3.2467532468
134 3.3875338753
5000 1.9747235387
evaluations raw_y
1 1.0204081633
2 1.2100677638
5 1.4188422247
8 1.4585764294
11 1.4723203769
12 1.6087516088
17 1.9500780031
20 2.0000000000
26 2.1079258010
30 2.4752475248
41 2.6427061311
43 2.8868360277
5000 2.5150905433
evaluations raw_y
1 1.2100677638
4 1.3007284079
6 1.5762925599
8 1.7337031900
9 1.9260400616
12 1.9500780031
14 2.1079258010
19 2.2603978300
25 2.6881720430
34 3.5410764873
60 3.6231884058
65 4.4483985765
149 4.5787545788
5000 2.6881720430
evaluations raw_y
1 1.2487512488
2 1.4450867052
5 1.5151515152
7 1.6778523490
10 1.8796992481
13 2.0798668885
24 2.4366471735
27 2.4752475248
56 2.5562372188
77 3.5410764873
5000 3.3875338753
evaluations raw_y
1 0.8821453776
2 1.1825922422
5 1.2100677638
7 1.2487512488
8 1.3935340022
12 1.4585764294
15 1.5923566879
23 2.2281639929
25 2.4752475248
34 2.6427061311
36 2.6881720430
39 2.7352297593
53 2.9976019185
62 3.1806615776
5000 2.0259319287
evaluations raw_y
1 0.6100536847
2 0.8090614887
3 0.9520182788
5 1.1150758252
7 1.2291052114
8 1.4318442153
12 1.6778523490
15 2.0525451560
19 2.1663778163
21 2.2281639929
24 2.2603978300
26 2.5562372188
55 2.6881720430
57 2.8868360277
97 3.1172069825
158 3.2467532468
174 3.6231884058
201 3.9936102236
206 4.2087542088
5000 2.6427061311
evaluations raw_y
1 0.7066139062
5 0.7926442613
6 0.8973438622
7 1.0766580534
8 1.0841283608
13 1.0993843448
14 1.1071744907
20 1.5451174289
21 1.5605493134
44 1.9025875190
45 2.8868360277
58 3.1172069825
90 3.2467532468
116 4.0983606557
119 4.4483985765
5000 3.7091988131
evaluations raw_y
1 0.7654623393
2 0.8722958828
3 1.1649580615
4 1.3935340022
6 1.7146776406
17 1.7934002869
20 1.9025875190
23 2.0000000000
33 2.0525451560
34 2.1663778163
39 2.4366471735
41 2.6427061311
46 2.7352297593
110 2.7839643653
145 2.8868360277
177 3.0562347188
180 3.3156498674
204 3.7091988131
255 4.8638132296
5000 3.8940809969
evaluations raw_y
1 1.0008006405
3 1.0204081633
7 1.0766580534
9 1.1394712853
10 1.3455328310
17 1.3691128149
20 1.5006002401
24 1.6778523490
26 1.8142235123
31 1.9747235387
42 2.0798668885
43 2.5987525988
48 2.9411764706
50 2.9976019185
59 3.1172069825
66 3.4626038781
73 3.6231884058
5000 2.1663778163
evaluations raw_y
1 0.8532423208
3 1.0993843448
5 1.2794268168
11 1.4188422247
26 1.6960651289
28 2.0525451560
30 2.2281639929
34 2.5987525988
42 2.7352297593
53 3.4626038781
67 3.8940809969
5000 2.8344671202
evaluations raw_y
1 0.8532423208
3 1.2195121951
4 1.4188422247
5 1.6425755585
13 1.6960651289
14 1.9260400616
24 1.9500780031
25 1.9747235387
34 2.1079258010
39 2.3992322457
48 2.4366471735
107 2.4752475248
114 2.5562372188
127 2.7352297593
175 2.9411764706
179 3.0562347188
275 3.2467532468
5000 2.2603978300
evaluations raw_y
1 0.8440243079
3 1.2100677638
6 1.2690355330
10 1.7730496454
13 1.8355359765
15 1.9260400616
18 2.0000000000
28 2.4366471735
29 2.6881720430
76 3.4626038781
153 3.7091988131
220 3.7993920973
5000 2.3277467412
evaluations raw_y
1 0.7066139062
4 0.7768800497
7 0.9025270758
8 0.9819324430
15 1.0339123242
19 1.1150758252
20 1.2388503469
24 1.7730496454
26 1.7934002869
27 1.9025875190
35 2.4366471735
47 2.4752475248
57 2.5987525988
58 2.7352297593
79 3.1806615776
5000 2.1367521368
evaluations raw_y
1 0.9077705156
3 1.2195121951
6 1.2690355330
7 1.2899896801
10 1.5451174289
11 1.6778523490
16 1.6960651289
21 1.7531556802
35 1.8573551263
41 1.9260400616
42 1.9747235387
48 2.1367521368
76 2.3277467412
85 2.4366471735
99 2.8868360277
104 2.9976019185
129 3.9936102236
311 4.0983606557
5000 2.8344671202
