evaluations raw_y
1 24.0000000000
2 26.0000000000
4 28.0000000000
44 30.0000000000
71 34.0000000000
136 36.0000000000
141 40.0000000000
5005 40.0000000000
evaluations raw_y
1 28.0000000000
6 30.0000000000
26 34.0000000000
108 36.0000000000
177 38.0000000000
5005 38.0000000000
evaluations raw_y
1 26.0000000000
2 28.0000000000
6 32.0000000000
39 34.0000000000
56 36.0000000000
159 38.0000000000
5005 38.0000000000
evaluations raw_y
1 28.0000000000
6 32.0000000000
48 36.0000000000
96 38.0000000000
109 40.0000000000
5005 40.0000000000
evaluations raw_y
1 24.0000000000
3 32.0000000000
42 34.0000000000
115 36.0000000000
135 38.0000000000
5005 38.0000000000
evaluations raw_y
1 24.0000000000
3 26.0000000000
7 28.0000000000
37 30.0000000000
40 32.0000000000
73 36.0000000000
125 38.0000000000
140 40.0000000000
5005 40.0000000000
evaluations raw_y
1 24.0000000000
7 28.0000000000
8 30.0000000000
62 32.0000000000
94 34.0000000000
180 36.0000000000
187 38.0000000000
5005 38.0000000000
evaluations raw_y
1 28.0000000000
9 32.0000000000
83 36.0000000000
119 38.0000000000
222 40.0000000000
5005 40.0000000000
evaluations raw_y
1 28.0000000000
4 34.0000000000
81 36.0000000000
126 38.0000000000
144 40.0000000000
204 42.0000000000
5005 42.0000000000
evaluations raw_y
1 26.0000000000
4 30.0000000000
13 32.0000000000
58 34.0000000000
78 38.0000000000
5005 38.0000000000
evaluations raw_y
1 24.0000000000
2 32.0000000000
41 34.0000000000
108 36.0000000000
141 38.0000000000
5005 38.0000000000
evaluations raw_y
1 22.0000000000
2 28.0000000000
4 34.0000000000
43 38.0000000000
141 40.0000000000
5005 40.0000000000
evaluations raw_y
1 24.0000000000
3 26.0000000000
6 28.0000000000
16 30.0000000000
38 32.0000000000
68 34.0000000000
75 36.0000000000
5005 36.0000000000
evaluations raw_y
1 24.0000000000
8 28.0000000000
24 34.0000000000
84 36.0000000000
106 38.0000000000
5005 38.0000000000
evaluations raw_y
1 22.0000000000
2 24.0000000000
4 30.0000000000
31 32.0000000000
58 34.0000000000
86 36.0000000000
111 38.0000000000
117 40.0000000000
157 42.0000000000
5005 42.0000000000
evaluations raw_y
1 28.0000000000
12 30.0000000000
21 32.0000000000
45 34.0000000000
75 36.0000000000
107 40.0000000000
5005 40.0000000000
evaluations raw_y
1 24.0000000000
4 28.0000000000
24 30.0000000000
46 34.0000000000
74 36.0000000000
161 38.0000000000
203 40.0000000000
5005 40.0000000000
evaluations raw_y
1 20.0000000000
2 24.0000000000
9 28.0000000000
24 30.0000000000
41 32.0000000000
79 34.0000000000
106 36.0000000000
143 38.0000000000
178 40.0000000000
5005 40.0000000000
evaluations raw_y
1 26.0000000000
3 30.0000000000
12 32.0000000000
40 36.0000000000
91 38.0000000000
106 40.0000000000
146 42.0000000000
224 44.0000000000
5005 44.0000000000
evaluations raw_y
1 28.0000000000
3 30.0000000000
36 32.0000000000
95 36.0000000000
143 38.0000000000
171 40.0000000000
5005 40.0000000000
