evaluations raw_y
1 1.5762925599
13 1.7146776406
17 2.1367521368
173 2.1968365554
559 2.2281639929
958 2.2935779817
1077 2.3629489603
1083 2.5987525988
1388 2.7839643653
1902 2.9976019185
2053 3.7091988131
3957 3.7993920973
4146 3.8940809969
5000 2.9411764706
evaluations raw_y
1 0.9637625289
5 1.6254876463
20 1.7146776406
85 1.8355359765
90 2.1663778163
322 2.5562372188
1152 2.7839643653
1154 2.8344671202
1259 3.2467532468
1514 3.4626038781
1931 3.8940809969
5000 1.5923566879
evaluations raw_y
1 0.5348737698
2 1.3691128149
5 1.3812154696
12 1.5006002401
34 1.7337031900
61 1.8573551263
77 2.1663778163
542 2.2281639929
564 2.5562372188
1094 2.9411764706
1300 3.0562347188
1332 3.2467532468
1409 3.3156498674
1553 3.7091988131
3390 3.8940809969
5000 3.3875338753
evaluations raw_y
1 1.3340448239
16 1.4723203769
22 1.7337031900
31 1.7531556802
76 1.8796992481
165 1.9025875190
235 2.0259319287
238 2.0798668885
243 2.3277467412
1286 2.3629489603
1310 2.3992322457
1438 2.5987525988
1536 2.9411764706
1829 3.1172069825
4860 3.1806615776
5000 1.7531556802
evaluations raw_y
1 1.7730496454
4 1.9500780031
78 2.1367521368
127 2.1663778163
733 2.3629489603
1194 2.4366471735
1336 2.5562372188
1357 3.1806615776
1704 3.2467532468
1777 3.7091988131
5000 2.5150905433
evaluations raw_y
1 0.9238728751
3 1.6254876463
10 2.3992322457
39 2.7839643653
2070 2.8344671202
2083 2.8868360277
3241 3.3875338753
5000 2.0525451560
evaluations raw_y
1 0.8973438622
2 1.0620220901
3 1.4585764294
17 1.4723203769
68 1.6778523490
75 1.9260400616
95 2.1367521368
252 2.1968365554
771 2.3992322457
1202 2.6881720430
1507 2.7352297593
1658 2.7839643653
1794 2.8868360277
1816 2.9411764706
1957 2.9976019185
2480 3.1806615776
2589 3.3156498674
2732 3.7993920973
5000 1.6425755585
evaluations raw_y
1 0.6971556051
2 1.0620220901
3 1.3572204126
4 1.4863258026
13 1.5451174289
19 1.5762925599
21 1.6778523490
88 1.8142235123
122 1.8796992481
201 2.1079258010
689 2.7352297593
1239 2.7839643653
1433 2.9976019185
1926 3.5410764873
5000 3.5410764873
evaluations raw_y
1 1.2487512488
2 1.6600265604
21 1.7146776406
48 2.0000000000
172 2.3277467412
338 2.5987525988
1178 2.6881720430
1234 2.7352297593
1254 2.9976019185
1378 3.0562347188
1856 3.1806615776
2197 3.2467532468
3787 3.3156498674
5000 1.6087516088
evaluations raw_y
1 0.8922198430
2 1.0993843448
3 1.3935340022
21 1.5006002401
59 1.6254876463
85 1.8796992481
454 2.0259319287
581 2.0525451560
733 2.6427061311
1632 3.0562347188
1817 3.2467532468
3463 3.6231884058
5000 1.6960651289
evaluations raw_y
1 1.2899896801
7 1.5006002401
10 1.7531556802
37 2.2935779817
981 2.5150905433
1106 2.5562372188
1214 2.7352297593
1689 2.7839643653
1713 2.8868360277
1928 3.0562347188
2019 3.1806615776
2025 3.2467532468
4976 3.6231884058
5000 1.4863258026
evaluations raw_y
1 0.8305647841
2 1.3007284079
6 1.7934002869
77 1.9747235387
84 2.2603978300
633 2.3277467412
703 2.4366471735
831 2.5562372188
859 2.7352297593
1068 2.8344671202
1347 2.9976019185
1458 3.0562347188
1948 3.1806615776
2155 3.3156498674
2572 3.4626038781
5000 1.9260400616
evaluations raw_y
1 1.4450867052
3 1.6087516088
10 1.8142235123
16 1.8355359765
102 2.2281639929
942 2.2935779817
1025 2.3277467412
1029 2.5150905433
1060 2.7352297593
1150 3.3156498674
2542 3.5410764873
2566 3.7091988131
5000 2.5150905433
evaluations raw_y
1 1.1737089202
5 1.6600265604
60 1.7337031900
94 1.7730496454
209 2.1367521368
379 2.1968365554
759 2.2603978300
810 2.2935779817
877 2.4366471735
925 2.9976019185
1259 3.0562347188
1464 3.1172069825
1768 3.2467532468
1916 3.3875338753
2225 3.6231884058
5000 2.3992322457
evaluations raw_y
1 1.4863258026
2 1.6600265604
15 2.1663778163
244 2.1968365554
317 2.2603978300
518 2.6427061311
953 2.6881720430
1130 2.7839643653
1285 2.9976019185
1557 3.5410764873
5000 1.2007684918
evaluations raw_y
1 0.9697439876
2 2.0525451560
65 2.2603978300
230 2.3277467412
462 2.3992322457
908 3.1806615776
2882 3.3156498674
5000 2.1663778163
evaluations raw_y
1 1.2291052114
5 1.3812154696
6 1.4863258026
9 2.1663778163
141 2.2281639929
439 2.5150905433
1081 2.7352297593
1291 2.7839643653
1599 2.9976019185
1679 3.0562347188
2308 3.3156498674
2496 3.8940809969
5000 1.6960651289
evaluations raw_y
1 1.1071744907
2 1.6600265604
12 1.8142235123
52 1.9025875190
59 2.0000000000
77 2.1367521368
231 2.1968365554
635 2.3629489603
791 2.3992322457
1200 2.4752475248
1333 3.0562347188
1751 3.1172069825
1996 3.4626038781
2420 3.7091988131
2595 4.0983606557
5000 3.3156498674
evaluations raw_y
1 1.3691128149
2 1.5006002401
12 1.5451174289
15 1.5762925599
18 2.1968365554
463 2.3629489603
928 2.3992322457
1197 2.4366471735
1243 2.6881720430
1364 2.7839643653
1510 2.8868360277
1678 3.1806615776
1882 3.7091988131
2030 3.9936102236
5000 2.9976019185
evaluations raw_y
1 1.1071744907
3 1.1649580615
4 1.3935340022
6 1.5762925599
19 1.8573551263
222 2.3277467412
319 2.4366471735
1283 2.7352297593
1495 2.8344671202
1562 2.8868360277
1715 3.3156498674
2563 3.6231884058
5000 2.1367521368
evaluations raw_y
1 1.0407993339
8 1.6254876463
24 1.6778523490
28 1.7146776406
43 2.0000000000
247 2.1367521368
340 2.3629489603
732 2.4366471735
1066 2.6881720430
1075 2.7352297593
1569 2.8868360277
1713 2.9976019185
2025 3.1806615776
2758 3.2467532468
3110 3.6231884058
5000 2.8868360277
evaluations raw_y
1 0.9130752374
2 1.1825922422
7 1.3340448239
11 1.5451174289
19 1.6425755585
22 1.8573551263
27 2.0259319287
88 2.1663778163
226 2.3629489603
768 2.5562372188
1330 2.6881720430
1585 3.1172069825
3162 3.1806615776
3936 3.7091988131
5000 2.5987525988
evaluations raw_y
1 1.3007284079
10 1.6425755585
36 1.6600265604
44 1.8142235123
67 1.9747235387
186 2.0000000000
214 2.1367521368
446 2.1663778163
538 2.1968365554
1148 2.2281639929
1214 2.3277467412
1253 2.3992322457
1283 2.5987525988
1324 2.6427061311
1389 2.8868360277
1414 3.1172069825
2247 3.3875338753
3420 3.4626038781
5000 2.0000000000
evaluations raw_y
1 1.5006002401
12 1.5605493134
21 1.6087516088
22 1.6778523490
42 2.2935779817
604 2.5987525988
1274 2.7839643653
1284 3.1806615776
1518 3.2467532468
1625 3.3156498674
1708 3.9936102236
2353 4.4483985765
5000 2.9411764706
evaluations raw_y
1 0.8973438622
2 1.0917030568
3 1.1478420569
4 1.3455328310
5 1.4585764294
11 2.1968365554
80 2.2603978300
394 2.5987525988
824 2.6881720430
1206 2.7839643653
1779 2.8344671202
2103 2.9976019185
2108 3.1172069825
2237 3.5410764873
5000 3.1172069825
evaluations raw_y
1 1.2588116818
7 1.3812154696
9 1.5923566879
14 2.8344671202
1581 2.9411764706
1717 3.4626038781
5000 3.0562347188
evaluations raw_y
1 0.9944311854
4 1.2899896801
5 1.6778523490
15 1.9500780031
116 2.2281639929
393 2.2603978300
853 2.4366471735
1103 2.4752475248
1171 2.8868360277
1828 2.9411764706
1968 3.1172069825
3251 3.2467532468
3291 3.6231884058
5000 2.9411764706
evaluations raw_y
1 0.9349289454
2 1.6087516088
63 1.6254876463
70 2.0259319287
231 2.5987525988
1123 2.6427061311
1933 2.7352297593
2193 3.0562347188
2712 3.1172069825
3628 3.2467532468
3846 3.3156498674
5000 1.8573551263
evaluations raw_y
1 1.3340448239
7 1.8573551263
97 2.8344671202
1228 2.9411764706
1363 3.1806615776
1370 3.2467532468
1511 3.4626038781
1974 3.6231884058
1980 3.7993920973
2094 4.4483985765
5000 3.7091988131
evaluations raw_y
1 1.0204081633
3 1.6087516088
7 2.1367521368
313 2.2281639929
579 2.3277467412
683 2.3992322457
765 2.4752475248
933 2.7352297593
1283 2.8868360277
1410 2.9976019185
1579 3.0562347188
2150 3.1172069825
2340 3.4626038781
5000 2.0525451560
